# (grid_size, q, alpha, t_max, runs) = (30, 0.3701, 0.468, 1000000, 1000)
5.871830000000000000e+05
-1.000000000000000000e+00
1.650260000000000000e+05
-1.000000000000000000e+00
6.780400000000000000e+05
-1.000000000000000000e+00
-1.000000000000000000e+00
-1.000000000000000000e+00
3.192500000000000000e+04
7.726800000000000000e+04
7.335120000000000000e+05
7.299250000000000000e+05
8.919990000000000000e+05
8.677380000000000000e+05
-1.000000000000000000e+00
-1.000000000000000000e+00
8.923840000000000000e+05
3.038490000000000000e+05
5.495850000000000000e+05
-1.000000000000000000e+00
-1.000000000000000000e+00
3.812370000000000000e+05
3.434730000000000000e+05
5.856950000000000000e+05
3.190120000000000000e+05
4.614920000000000000e+05
-1.000000000000000000e+00
5.323960000000000000e+05
2.177360000000000000e+05
1.265790000000000000e+05
-1.000000000000000000e+00
1.322610000000000000e+05
-1.000000000000000000e+00
-1.000000000000000000e+00
-1.000000000000000000e+00
-1.000000000000000000e+00
2.354600000000000000e+04
5.459700000000000000e+04
-1.000000000000000000e+00
2.944320000000000000e+05
-1.000000000000000000e+00
9.906510000000000000e+05
-1.000000000000000000e+00
2.729550000000000000e+05
7.369920000000000000e+05
-1.000000000000000000e+00
3.026340000000000000e+05
-1.000000000000000000e+00
2.436600000000000000e+04
1.273710000000000000e+05
5.934570000000000000e+05
-1.000000000000000000e+00
2.675010000000000000e+05
4.332420000000000000e+05
3.309450000000000000e+05
4.706250000000000000e+05
-1.000000000000000000e+00
-1.000000000000000000e+00
-1.000000000000000000e+00
-1.000000000000000000e+00
-1.000000000000000000e+00
7.821400000000000000e+05
-1.000000000000000000e+00
1.258210000000000000e+05
-1.000000000000000000e+00
2.537920000000000000e+05
-1.000000000000000000e+00
-1.000000000000000000e+00
4.653600000000000000e+05
-1.000000000000000000e+00
9.047800000000000000e+05
1.178770000000000000e+05
8.799200000000000000e+04
-1.000000000000000000e+00
-1.000000000000000000e+00
5.282100000000000000e+05
2.889930000000000000e+05
-1.000000000000000000e+00
5.742710000000000000e+05
-1.000000000000000000e+00
9.431070000000000000e+05
3.304410000000000000e+05
1.586500000000000000e+04
6.288920000000000000e+05
4.936830000000000000e+05
4.095090000000000000e+05
-1.000000000000000000e+00
3.686500000000000000e+04
6.812240000000000000e+05
5.279740000000000000e+05
-1.000000000000000000e+00
-1.000000000000000000e+00
-1.000000000000000000e+00
4.767730000000000000e+05
3.573490000000000000e+05
2.996100000000000000e+04
-1.000000000000000000e+00
6.323900000000000000e+04
-1.000000000000000000e+00
3.585070000000000000e+05
7.612900000000000000e+05
2.488600000000000000e+05
2.729660000000000000e+05
6.132870000000000000e+05
-1.000000000000000000e+00
8.918670000000000000e+05
-1.000000000000000000e+00
3.158420000000000000e+05
9.424920000000000000e+05
9.684990000000000000e+05
6.033490000000000000e+05
-1.000000000000000000e+00
8.756000000000000000e+04
-1.000000000000000000e+00
3.613100000000000000e+05
5.822500000000000000e+05
6.765700000000000000e+04
9.446180000000000000e+05
3.361510000000000000e+05
2.918160000000000000e+05
1.706870000000000000e+05
8.618100000000000000e+04
3.257920000000000000e+05
4.553180000000000000e+05
3.831040000000000000e+05
2.706500000000000000e+04
2.814000000000000000e+03
1.827030000000000000e+05
2.493900000000000000e+04
4.177570000000000000e+05
3.595170000000000000e+05
2.823030000000000000e+05
-1.000000000000000000e+00
9.399920000000000000e+05
2.356370000000000000e+05
-1.000000000000000000e+00
2.259130000000000000e+05
6.044450000000000000e+05
-1.000000000000000000e+00
3.372670000000000000e+05
-1.000000000000000000e+00
3.026500000000000000e+04
2.736940000000000000e+05
3.842570000000000000e+05
2.530700000000000000e+05
-1.000000000000000000e+00
4.394670000000000000e+05
-1.000000000000000000e+00
3.583770000000000000e+05
9.007130000000000000e+05
4.642100000000000000e+04
-1.000000000000000000e+00
1.365040000000000000e+05
9.877540000000000000e+05
1.804200000000000000e+04
-1.000000000000000000e+00
-1.000000000000000000e+00
-1.000000000000000000e+00
3.390150000000000000e+05
8.318880000000000000e+05
4.582790000000000000e+05
7.318960000000000000e+05
-1.000000000000000000e+00
1.715850000000000000e+05
-1.000000000000000000e+00
-1.000000000000000000e+00
3.782290000000000000e+05
-1.000000000000000000e+00
9.362880000000000000e+05
-1.000000000000000000e+00
6.254920000000000000e+05
4.015600000000000000e+04
-1.000000000000000000e+00
9.431400000000000000e+04
-1.000000000000000000e+00
6.424920000000000000e+05
4.662600000000000000e+04
8.730050000000000000e+05
4.844000000000000000e+03
3.813840000000000000e+05
3.539230000000000000e+05
6.858380000000000000e+05
-1.000000000000000000e+00
4.666290000000000000e+05
7.365020000000000000e+05
-1.000000000000000000e+00
6.231260000000000000e+05
-1.000000000000000000e+00
4.308750000000000000e+05
-1.000000000000000000e+00
4.237770000000000000e+05
9.175310000000000000e+05
2.330000000000000000e+04
4.383110000000000000e+05
2.202700000000000000e+04
2.201850000000000000e+05
-1.000000000000000000e+00
8.630420000000000000e+05
-1.000000000000000000e+00
3.059040000000000000e+05
1.606360000000000000e+05
4.390270000000000000e+05
6.104010000000000000e+05
1.935490000000000000e+05
2.374820000000000000e+05
3.342370000000000000e+05
2.978620000000000000e+05
1.272590000000000000e+05
-1.000000000000000000e+00
4.154600000000000000e+04
-1.000000000000000000e+00
-1.000000000000000000e+00
-1.000000000000000000e+00
6.897000000000000000e+03
5.966960000000000000e+05
-1.000000000000000000e+00
-1.000000000000000000e+00
3.542390000000000000e+05
5.660900000000000000e+05
2.213980000000000000e+05
2.833700000000000000e+05
5.620900000000000000e+04
1.351620000000000000e+05
1.178790000000000000e+05
7.723300000000000000e+05
3.153480000000000000e+05
3.246860000000000000e+05
4.996890000000000000e+05
-1.000000000000000000e+00
1.180400000000000000e+05
9.413700000000000000e+04
1.363570000000000000e+05
-1.000000000000000000e+00
-1.000000000000000000e+00
9.117530000000000000e+05
-1.000000000000000000e+00
5.530700000000000000e+04
-1.000000000000000000e+00
1.627680000000000000e+05
4.362300000000000000e+04
2.466350000000000000e+05
3.981210000000000000e+05
6.893220000000000000e+05
-1.000000000000000000e+00
2.468550000000000000e+05
5.395580000000000000e+05
-1.000000000000000000e+00
7.389750000000000000e+05
8.745310000000000000e+05
6.455800000000000000e+04
5.009600000000000000e+04
-1.000000000000000000e+00
-1.000000000000000000e+00
8.751280000000000000e+05
5.129400000000000000e+05
6.037000000000000000e+05
8.641400000000000000e+05
1.934320000000000000e+05
-1.000000000000000000e+00
2.636260000000000000e+05
-1.000000000000000000e+00
-1.000000000000000000e+00
-1.000000000000000000e+00
-1.000000000000000000e+00
-1.000000000000000000e+00
3.041360000000000000e+05
4.632460000000000000e+05
1.282000000000000000e+03
7.881590000000000000e+05
1.776640000000000000e+05
4.494670000000000000e+05
3.643630000000000000e+05
2.795160000000000000e+05
6.526500000000000000e+05
3.910390000000000000e+05
1.776400000000000000e+05
-1.000000000000000000e+00
3.946100000000000000e+04
9.485910000000000000e+05
1.092220000000000000e+05
-1.000000000000000000e+00
8.868230000000000000e+05
8.375480000000000000e+05
-1.000000000000000000e+00
6.349850000000000000e+05
-1.000000000000000000e+00
-1.000000000000000000e+00
3.682780000000000000e+05
-1.000000000000000000e+00
5.971350000000000000e+05
6.706000000000000000e+03
5.231000000000000000e+04
1.434940000000000000e+05
4.397280000000000000e+05
-1.000000000000000000e+00
1.099270000000000000e+05
4.802550000000000000e+05
-1.000000000000000000e+00
1.460580000000000000e+05
6.688300000000000000e+04
-1.000000000000000000e+00
-1.000000000000000000e+00
4.935170000000000000e+05
6.415410000000000000e+05
1.689320000000000000e+05
2.334900000000000000e+05
8.343400000000000000e+04
3.027440000000000000e+05
-1.000000000000000000e+00
3.393460000000000000e+05
4.098500000000000000e+04
-1.000000000000000000e+00
5.138400000000000000e+04
1.038400000000000000e+04
7.917120000000000000e+05
2.657040000000000000e+05
3.221850000000000000e+05
7.989950000000000000e+05
1.815980000000000000e+05
1.534090000000000000e+05
8.510570000000000000e+05
2.888490000000000000e+05
3.458000000000000000e+04
-1.000000000000000000e+00
5.185780000000000000e+05
-1.000000000000000000e+00
-1.000000000000000000e+00
6.582780000000000000e+05
3.164480000000000000e+05
3.427350000000000000e+05
7.780240000000000000e+05
-1.000000000000000000e+00
5.426490000000000000e+05
-1.000000000000000000e+00
4.165200000000000000e+04
6.842890000000000000e+05
1.410270000000000000e+05
1.582460000000000000e+05
2.779100000000000000e+05
1.778630000000000000e+05
8.734370000000000000e+05
2.672050000000000000e+05
2.288360000000000000e+05
1.080760000000000000e+05
1.938600000000000000e+05
5.232280000000000000e+05
8.271030000000000000e+05
3.527630000000000000e+05
8.440810000000000000e+05
-1.000000000000000000e+00
3.543600000000000000e+05
2.102260000000000000e+05
3.361900000000000000e+04
-1.000000000000000000e+00
-1.000000000000000000e+00
-1.000000000000000000e+00
1.588840000000000000e+05
3.475720000000000000e+05
-1.000000000000000000e+00
2.343800000000000000e+05
9.936530000000000000e+05
1.474390000000000000e+05
3.552400000000000000e+04
-1.000000000000000000e+00
7.834170000000000000e+05
1.983280000000000000e+05
-1.000000000000000000e+00
5.521260000000000000e+05
4.220130000000000000e+05
4.264390000000000000e+05
6.474190000000000000e+05
2.784700000000000000e+05
8.631700000000000000e+04
3.262230000000000000e+05
5.450900000000000000e+04
2.932060000000000000e+05
3.537190000000000000e+05
-1.000000000000000000e+00
7.057610000000000000e+05
9.472840000000000000e+05
9.794500000000000000e+04
3.319600000000000000e+04
-1.000000000000000000e+00
1.629700000000000000e+04
8.614400000000000000e+04
1.153050000000000000e+05
9.689700000000000000e+05
7.675620000000000000e+05
1.457480000000000000e+05
6.782380000000000000e+05
-1.000000000000000000e+00
2.470890000000000000e+05
6.741880000000000000e+05
-1.000000000000000000e+00
3.118260000000000000e+05
9.323330000000000000e+05
2.025610000000000000e+05
-1.000000000000000000e+00
9.968400000000000000e+04
9.677210000000000000e+05
3.826260000000000000e+05
4.089190000000000000e+05
2.957870000000000000e+05
6.105110000000000000e+05
6.290360000000000000e+05
3.111660000000000000e+05
-1.000000000000000000e+00
-1.000000000000000000e+00
-1.000000000000000000e+00
9.185790000000000000e+05
2.276020000000000000e+05
9.320080000000000000e+05
3.901240000000000000e+05
-1.000000000000000000e+00
9.237920000000000000e+05
4.758780000000000000e+05
5.827400000000000000e+04
2.507900000000000000e+04
7.207010000000000000e+05
3.481060000000000000e+05
3.458370000000000000e+05
9.002670000000000000e+05
1.213590000000000000e+05
5.254600000000000000e+04
4.953420000000000000e+05
-1.000000000000000000e+00
-1.000000000000000000e+00
9.298550000000000000e+05
1.368600000000000000e+05
9.566400000000000000e+04
-1.000000000000000000e+00
1.386520000000000000e+05
5.080340000000000000e+05
1.253450000000000000e+05
-1.000000000000000000e+00
-1.000000000000000000e+00
1.285280000000000000e+05
3.248660000000000000e+05
5.252390000000000000e+05
4.430630000000000000e+05
-1.000000000000000000e+00
5.392620000000000000e+05
-1.000000000000000000e+00
3.294120000000000000e+05
1.673440000000000000e+05
4.814870000000000000e+05
4.790830000000000000e+05
4.828100000000000000e+04
7.781530000000000000e+05
-1.000000000000000000e+00
8.673000000000000000e+04
-1.000000000000000000e+00
1.738570000000000000e+05
-1.000000000000000000e+00
7.268780000000000000e+05
-1.000000000000000000e+00
7.001750000000000000e+05
-1.000000000000000000e+00
1.726310000000000000e+05
-1.000000000000000000e+00
5.796810000000000000e+05
-1.000000000000000000e+00
3.008170000000000000e+05
1.947010000000000000e+05
-1.000000000000000000e+00
1.462330000000000000e+05
9.252200000000000000e+04
5.406250000000000000e+05
8.161000000000000000e+03
9.253470000000000000e+05
9.891300000000000000e+05
-1.000000000000000000e+00
-1.000000000000000000e+00
6.918550000000000000e+05
6.031410000000000000e+05
2.607940000000000000e+05
4.630360000000000000e+05
5.127040000000000000e+05
7.090460000000000000e+05
-1.000000000000000000e+00
-1.000000000000000000e+00
-1.000000000000000000e+00
5.873400000000000000e+05
1.688590000000000000e+05
-1.000000000000000000e+00
1.760440000000000000e+05
-1.000000000000000000e+00
-1.000000000000000000e+00
1.888520000000000000e+05
6.680880000000000000e+05
5.064330000000000000e+05
2.926690000000000000e+05
2.938210000000000000e+05
8.906480000000000000e+05
-1.000000000000000000e+00
7.673910000000000000e+05
-1.000000000000000000e+00
-1.000000000000000000e+00
-1.000000000000000000e+00
-1.000000000000000000e+00
3.439270000000000000e+05
-1.000000000000000000e+00
1.576040000000000000e+05
3.196830000000000000e+05
2.434900000000000000e+04
4.322340000000000000e+05
1.108310000000000000e+05
3.556280000000000000e+05
1.328910000000000000e+05
-1.000000000000000000e+00
1.396450000000000000e+05
6.932970000000000000e+05
1.435410000000000000e+05
6.731880000000000000e+05
2.168280000000000000e+05
2.122150000000000000e+05
-1.000000000000000000e+00
2.194600000000000000e+04
9.899750000000000000e+05
9.986000000000000000e+04
-1.000000000000000000e+00
-1.000000000000000000e+00
-1.000000000000000000e+00
3.628360000000000000e+05
6.422060000000000000e+05
-1.000000000000000000e+00
-1.000000000000000000e+00
1.026520000000000000e+05
6.649890000000000000e+05
-1.000000000000000000e+00
7.945000000000000000e+03
-1.000000000000000000e+00
-1.000000000000000000e+00
4.289300000000000000e+04
6.511640000000000000e+05
1.330400000000000000e+04
-1.000000000000000000e+00
-1.000000000000000000e+00
-1.000000000000000000e+00
-1.000000000000000000e+00
9.714900000000000000e+05
1.692600000000000000e+04
2.272540000000000000e+05
3.933170000000000000e+05
1.114480000000000000e+05
9.323430000000000000e+05
2.025350000000000000e+05
4.217750000000000000e+05
-1.000000000000000000e+00
5.925460000000000000e+05
2.395160000000000000e+05
4.192100000000000000e+04
6.070830000000000000e+05
3.647500000000000000e+04
-1.000000000000000000e+00
-1.000000000000000000e+00
4.163150000000000000e+05
1.387730000000000000e+05
7.909500000000000000e+04
6.281740000000000000e+05
-1.000000000000000000e+00
2.192780000000000000e+05
1.906210000000000000e+05
6.158980000000000000e+05
1.328960000000000000e+05
4.596400000000000000e+04
2.150000000000000000e+02
7.191440000000000000e+05
-1.000000000000000000e+00
-1.000000000000000000e+00
-1.000000000000000000e+00
-1.000000000000000000e+00
1.840020000000000000e+05
-1.000000000000000000e+00
-1.000000000000000000e+00
1.445780000000000000e+05
6.298000000000000000e+03
-1.000000000000000000e+00
1.449630000000000000e+05
-1.000000000000000000e+00
2.331170000000000000e+05
1.568370000000000000e+05
1.908600000000000000e+05
7.915600000000000000e+04
2.928140000000000000e+05
-1.000000000000000000e+00
7.099720000000000000e+05
-1.000000000000000000e+00
8.195350000000000000e+05
1.932230000000000000e+05
3.263700000000000000e+05
6.606000000000000000e+04
3.353410000000000000e+05
4.557500000000000000e+05
1.706040000000000000e+05
3.129720000000000000e+05
7.060200000000000000e+04
3.419380000000000000e+05
1.365910000000000000e+05
-1.000000000000000000e+00
2.770950000000000000e+05
5.405890000000000000e+05
-1.000000000000000000e+00
6.388980000000000000e+05
3.290000000000000000e+03
3.265260000000000000e+05
-1.000000000000000000e+00
6.791460000000000000e+05
3.893360000000000000e+05
2.954540000000000000e+05
1.414370000000000000e+05
7.361290000000000000e+05
-1.000000000000000000e+00
8.008800000000000000e+04
7.008910000000000000e+05
8.114000000000000000e+03
-1.000000000000000000e+00
1.194210000000000000e+05
-1.000000000000000000e+00
6.104170000000000000e+05
-1.000000000000000000e+00
3.434330000000000000e+05
1.376800000000000000e+04
-1.000000000000000000e+00
-1.000000000000000000e+00
-1.000000000000000000e+00
2.021510000000000000e+05
6.358500000000000000e+04
-1.000000000000000000e+00
-1.000000000000000000e+00
3.317880000000000000e+05
-1.000000000000000000e+00
1.495130000000000000e+05
2.258310000000000000e+05
3.588860000000000000e+05
6.762920000000000000e+05
5.957040000000000000e+05
-1.000000000000000000e+00
5.260790000000000000e+05
8.939720000000000000e+05
3.621200000000000000e+04
3.833300000000000000e+04
-1.000000000000000000e+00
9.385720000000000000e+05
7.416500000000000000e+04
1.959220000000000000e+05
1.303550000000000000e+05
6.379420000000000000e+05
4.967530000000000000e+05
-1.000000000000000000e+00
6.923400000000000000e+05
8.109080000000000000e+05
5.478610000000000000e+05
2.051490000000000000e+05
-1.000000000000000000e+00
-1.000000000000000000e+00
-1.000000000000000000e+00
7.659110000000000000e+05
1.490040000000000000e+05
3.762030000000000000e+05
7.528630000000000000e+05
-1.000000000000000000e+00
2.318920000000000000e+05
4.431240000000000000e+05
3.831660000000000000e+05
6.743770000000000000e+05
5.752100000000000000e+04
4.238310000000000000e+05
2.466600000000000000e+05
3.654060000000000000e+05
7.727500000000000000e+04
3.808910000000000000e+05
6.057430000000000000e+05
-1.000000000000000000e+00
-1.000000000000000000e+00
1.880270000000000000e+05
2.061400000000000000e+04
-1.000000000000000000e+00
8.598180000000000000e+05
4.422670000000000000e+05
5.869250000000000000e+05
-1.000000000000000000e+00
2.467030000000000000e+05
3.668700000000000000e+05
1.745560000000000000e+05
9.007280000000000000e+05
3.919700000000000000e+04
-1.000000000000000000e+00
7.899380000000000000e+05
6.069630000000000000e+05
-1.000000000000000000e+00
7.076600000000000000e+04
3.654390000000000000e+05
1.630870000000000000e+05
8.934000000000000000e+03
4.168990000000000000e+05
7.616500000000000000e+04
-1.000000000000000000e+00
-1.000000000000000000e+00
4.158340000000000000e+05
-1.000000000000000000e+00
-1.000000000000000000e+00
1.183320000000000000e+05
4.946210000000000000e+05
3.811730000000000000e+05
-1.000000000000000000e+00
6.928560000000000000e+05
5.034420000000000000e+05
3.308270000000000000e+05
3.899920000000000000e+05
-1.000000000000000000e+00
7.325080000000000000e+05
4.570000000000000000e+02
6.570090000000000000e+05
1.559140000000000000e+05
-1.000000000000000000e+00
5.588750000000000000e+05
4.462870000000000000e+05
3.365970000000000000e+05
6.491580000000000000e+05
-1.000000000000000000e+00
8.200230000000000000e+05
9.358280000000000000e+05
6.359400000000000000e+04
8.104180000000000000e+05
3.353040000000000000e+05
-1.000000000000000000e+00
-1.000000000000000000e+00
1.686860000000000000e+05
-1.000000000000000000e+00
6.590000000000000000e+04
9.124600000000000000e+05
7.684700000000000000e+04
3.551280000000000000e+05
-1.000000000000000000e+00
5.925920000000000000e+05
9.783300000000000000e+04
-1.000000000000000000e+00
5.357460000000000000e+05
2.974130000000000000e+05
2.647370000000000000e+05
1.385190000000000000e+05
-1.000000000000000000e+00
8.258290000000000000e+05
-1.000000000000000000e+00
7.062730000000000000e+05
6.497710000000000000e+05
8.523620000000000000e+05
7.433190000000000000e+05
6.214350000000000000e+05
4.529540000000000000e+05
-1.000000000000000000e+00
6.341570000000000000e+05
1.832060000000000000e+05
-1.000000000000000000e+00
5.325590000000000000e+05
5.078500000000000000e+04
-1.000000000000000000e+00
1.658740000000000000e+05
5.328100000000000000e+04
2.847310000000000000e+05
6.976790000000000000e+05
9.224800000000000000e+04
5.723020000000000000e+05
9.039470000000000000e+05
3.212740000000000000e+05
6.590100000000000000e+04
-1.000000000000000000e+00
8.602800000000000000e+04
2.096000000000000000e+03
-1.000000000000000000e+00
1.991710000000000000e+05
5.006880000000000000e+05
3.515160000000000000e+05
-1.000000000000000000e+00
-1.000000000000000000e+00
-1.000000000000000000e+00
3.186200000000000000e+04
6.615000000000000000e+03
2.572070000000000000e+05
2.180100000000000000e+04
4.266030000000000000e+05
-1.000000000000000000e+00
-1.000000000000000000e+00
3.491400000000000000e+04
1.163900000000000000e+05
3.037530000000000000e+05
6.279350000000000000e+05
1.621800000000000000e+05
1.810000000000000000e+05
-1.000000000000000000e+00
6.529460000000000000e+05
1.423040000000000000e+05
6.754470000000000000e+05
4.559600000000000000e+04
8.198200000000000000e+04
-1.000000000000000000e+00
2.221890000000000000e+05
9.014840000000000000e+05
4.885520000000000000e+05
2.467070000000000000e+05
3.501670000000000000e+05
3.000170000000000000e+05
3.659980000000000000e+05
8.624970000000000000e+05
1.850990000000000000e+05
1.124900000000000000e+04
-1.000000000000000000e+00
-1.000000000000000000e+00
1.480240000000000000e+05
1.185720000000000000e+05
8.740000000000000000e+03
4.192130000000000000e+05
5.506970000000000000e+05
1.904930000000000000e+05
7.423180000000000000e+05
9.028600000000000000e+04
2.507600000000000000e+05
1.970200000000000000e+04
7.831770000000000000e+05
1.774690000000000000e+05
2.861530000000000000e+05
-1.000000000000000000e+00
-1.000000000000000000e+00
4.288290000000000000e+05
3.913390000000000000e+05
5.088740000000000000e+05
-1.000000000000000000e+00
7.979800000000000000e+04
-1.000000000000000000e+00
4.763680000000000000e+05
7.382300000000000000e+05
6.450130000000000000e+05
5.268640000000000000e+05
4.504400000000000000e+04
1.875120000000000000e+05
7.084390000000000000e+05
8.153820000000000000e+05
-1.000000000000000000e+00
1.311810000000000000e+05
-1.000000000000000000e+00
-1.000000000000000000e+00
-1.000000000000000000e+00
4.838220000000000000e+05
3.494280000000000000e+05
-1.000000000000000000e+00
3.043160000000000000e+05
4.733070000000000000e+05
-1.000000000000000000e+00
8.373180000000000000e+05
1.399910000000000000e+05
-1.000000000000000000e+00
-1.000000000000000000e+00
1.173400000000000000e+04
2.125550000000000000e+05
-1.000000000000000000e+00
8.349200000000000000e+04
-1.000000000000000000e+00
2.034300000000000000e+04
-1.000000000000000000e+00
-1.000000000000000000e+00
3.878770000000000000e+05
2.662670000000000000e+05
5.133310000000000000e+05
2.355080000000000000e+05
7.400220000000000000e+05
3.660870000000000000e+05
8.973150000000000000e+05
-1.000000000000000000e+00
1.081740000000000000e+05
3.239930000000000000e+05
5.343800000000000000e+04
-1.000000000000000000e+00
3.430960000000000000e+05
5.294420000000000000e+05
-1.000000000000000000e+00
2.380540000000000000e+05
-1.000000000000000000e+00
6.023300000000000000e+04
3.741010000000000000e+05
1.851290000000000000e+05
1.009160000000000000e+05
7.825210000000000000e+05
2.626650000000000000e+05
8.241810000000000000e+05
5.576340000000000000e+05
6.081070000000000000e+05
7.783810000000000000e+05
-1.000000000000000000e+00
3.613820000000000000e+05
-1.000000000000000000e+00
4.686240000000000000e+05
8.041290000000000000e+05
4.616330000000000000e+05
2.207860000000000000e+05
7.002280000000000000e+05
9.183060000000000000e+05
2.349030000000000000e+05
-1.000000000000000000e+00
8.507710000000000000e+05
1.450630000000000000e+05
9.484630000000000000e+05
-1.000000000000000000e+00
4.836780000000000000e+05
-1.000000000000000000e+00
6.377310000000000000e+05
5.559080000000000000e+05
1.755790000000000000e+05
5.125600000000000000e+05
6.654170000000000000e+05
2.537830000000000000e+05
3.429700000000000000e+04
1.327110000000000000e+05
-1.000000000000000000e+00
-1.000000000000000000e+00
-1.000000000000000000e+00
9.653040000000000000e+05
-1.000000000000000000e+00
-1.000000000000000000e+00
8.565370000000000000e+05
-1.000000000000000000e+00
6.327300000000000000e+04
9.853900000000000000e+04
-1.000000000000000000e+00
6.312250000000000000e+05
-1.000000000000000000e+00
9.576980000000000000e+05
4.134560000000000000e+05
-1.000000000000000000e+00
5.750650000000000000e+05
9.344140000000000000e+05
-1.000000000000000000e+00
7.541370000000000000e+05
4.656390000000000000e+05
5.932860000000000000e+05
2.506320000000000000e+05
5.610570000000000000e+05
-1.000000000000000000e+00
8.552370000000000000e+05
-1.000000000000000000e+00
4.618270000000000000e+05
1.896350000000000000e+05
9.571450000000000000e+05
3.602880000000000000e+05
-1.000000000000000000e+00
9.399780000000000000e+05
3.682730000000000000e+05
5.787120000000000000e+05
-1.000000000000000000e+00
1.527370000000000000e+05
-1.000000000000000000e+00
5.318380000000000000e+05
2.838700000000000000e+04
1.302800000000000000e+04
-1.000000000000000000e+00
7.087390000000000000e+05
7.259440000000000000e+05
-1.000000000000000000e+00
3.230070000000000000e+05
3.432000000000000000e+03
3.106600000000000000e+04
2.221100000000000000e+04
5.490340000000000000e+05
-1.000000000000000000e+00
1.380930000000000000e+05
7.610830000000000000e+05
6.878650000000000000e+05
7.722090000000000000e+05
-1.000000000000000000e+00
9.517690000000000000e+05
-1.000000000000000000e+00
-1.000000000000000000e+00
3.972490000000000000e+05
-1.000000000000000000e+00
5.013660000000000000e+05
1.196340000000000000e+05
7.155310000000000000e+05
4.580860000000000000e+05
4.318200000000000000e+04
1.712500000000000000e+04
9.536170000000000000e+05
4.440200000000000000e+05
5.178490000000000000e+05
8.096960000000000000e+05
1.069390000000000000e+05
-1.000000000000000000e+00
5.751820000000000000e+05
5.374310000000000000e+05
4.774840000000000000e+05
5.382720000000000000e+05
-1.000000000000000000e+00
3.529430000000000000e+05
6.286020000000000000e+05
-1.000000000000000000e+00
-1.000000000000000000e+00
2.703390000000000000e+05
-1.000000000000000000e+00
7.981000000000000000e+04
1.453700000000000000e+04
1.986100000000000000e+04
