# (grid_size, q, alpha, t_max, runs) = (30, 0.3701, 0.482, 1000000, 1000)
3.754100000000000000e+05
5.839260000000000000e+05
-1.000000000000000000e+00
2.949510000000000000e+05
3.050880000000000000e+05
-1.000000000000000000e+00
1.750010000000000000e+05
-1.000000000000000000e+00
-1.000000000000000000e+00
9.397460000000000000e+05
-1.000000000000000000e+00
7.403960000000000000e+05
7.593120000000000000e+05
8.570830000000000000e+05
3.228560000000000000e+05
-1.000000000000000000e+00
-1.000000000000000000e+00
8.569990000000000000e+05
-1.000000000000000000e+00
7.974260000000000000e+05
4.303190000000000000e+05
-1.000000000000000000e+00
2.238530000000000000e+05
-1.000000000000000000e+00
8.364960000000000000e+05
1.965300000000000000e+05
7.465800000000000000e+04
5.487330000000000000e+05
5.736030000000000000e+05
1.274540000000000000e+05
1.286090000000000000e+05
-1.000000000000000000e+00
-1.000000000000000000e+00
-1.000000000000000000e+00
3.692700000000000000e+05
-1.000000000000000000e+00
2.853220000000000000e+05
-1.000000000000000000e+00
2.743140000000000000e+05
-1.000000000000000000e+00
-1.000000000000000000e+00
6.064410000000000000e+05
-1.000000000000000000e+00
-1.000000000000000000e+00
9.285800000000000000e+04
9.139090000000000000e+05
-1.000000000000000000e+00
9.753560000000000000e+05
-1.000000000000000000e+00
2.605490000000000000e+05
-1.000000000000000000e+00
-1.000000000000000000e+00
-1.000000000000000000e+00
-1.000000000000000000e+00
8.536370000000000000e+05
-1.000000000000000000e+00
2.455480000000000000e+05
5.755520000000000000e+05
-1.000000000000000000e+00
-1.000000000000000000e+00
-1.000000000000000000e+00
-1.000000000000000000e+00
-1.000000000000000000e+00
-1.000000000000000000e+00
3.892420000000000000e+05
9.028920000000000000e+05
-1.000000000000000000e+00
8.509150000000000000e+05
5.320970000000000000e+05
-1.000000000000000000e+00
3.475000000000000000e+05
3.803400000000000000e+04
4.884550000000000000e+05
-1.000000000000000000e+00
1.085540000000000000e+05
-1.000000000000000000e+00
2.916580000000000000e+05
-1.000000000000000000e+00
9.946890000000000000e+05
-1.000000000000000000e+00
-1.000000000000000000e+00
-1.000000000000000000e+00
4.840010000000000000e+05
7.015740000000000000e+05
-1.000000000000000000e+00
5.369820000000000000e+05
4.932570000000000000e+05
-1.000000000000000000e+00
9.936500000000000000e+05
8.954870000000000000e+05
4.175630000000000000e+05
4.010540000000000000e+05
-1.000000000000000000e+00
-1.000000000000000000e+00
5.191110000000000000e+05
5.066190000000000000e+05
-1.000000000000000000e+00
5.226660000000000000e+05
-1.000000000000000000e+00
7.807200000000000000e+04
-1.000000000000000000e+00
-1.000000000000000000e+00
-1.000000000000000000e+00
-1.000000000000000000e+00
-1.000000000000000000e+00
-1.000000000000000000e+00
1.800500000000000000e+04
9.759650000000000000e+05
-1.000000000000000000e+00
3.459790000000000000e+05
1.288030000000000000e+05
-1.000000000000000000e+00
1.787470000000000000e+05
-1.000000000000000000e+00
6.190770000000000000e+05
-1.000000000000000000e+00
3.103050000000000000e+05
2.546380000000000000e+05
-1.000000000000000000e+00
-1.000000000000000000e+00
9.061430000000000000e+05
9.193300000000000000e+04
-1.000000000000000000e+00
-1.000000000000000000e+00
1.081280000000000000e+05
5.945670000000000000e+05
-1.000000000000000000e+00
-1.000000000000000000e+00
-1.000000000000000000e+00
-1.000000000000000000e+00
9.892400000000000000e+04
8.000300000000000000e+04
4.252840000000000000e+05
-1.000000000000000000e+00
7.375800000000000000e+05
5.747390000000000000e+05
-1.000000000000000000e+00
-1.000000000000000000e+00
8.439720000000000000e+05
6.650000000000000000e+04
-1.000000000000000000e+00
7.456430000000000000e+05
5.198740000000000000e+05
-1.000000000000000000e+00
-1.000000000000000000e+00
-1.000000000000000000e+00
1.909430000000000000e+05
-1.000000000000000000e+00
-1.000000000000000000e+00
3.056200000000000000e+04
3.674160000000000000e+05
1.036500000000000000e+05
3.317900000000000000e+05
1.235440000000000000e+05
5.234890000000000000e+05
3.458000000000000000e+05
-1.000000000000000000e+00
4.883300000000000000e+05
-1.000000000000000000e+00
-1.000000000000000000e+00
7.493000000000000000e+04
-1.000000000000000000e+00
4.684540000000000000e+05
-1.000000000000000000e+00
3.832350000000000000e+05
1.502610000000000000e+05
-1.000000000000000000e+00
7.368800000000000000e+04
-1.000000000000000000e+00
-1.000000000000000000e+00
1.490180000000000000e+05
1.094720000000000000e+05
-1.000000000000000000e+00
1.831200000000000000e+05
3.110800000000000000e+05
8.519140000000000000e+05
-1.000000000000000000e+00
-1.000000000000000000e+00
1.153350000000000000e+05
6.494710000000000000e+05
3.404580000000000000e+05
-1.000000000000000000e+00
8.495560000000000000e+05
7.586800000000000000e+05
2.011200000000000000e+04
4.868530000000000000e+05
-1.000000000000000000e+00
-1.000000000000000000e+00
-1.000000000000000000e+00
-1.000000000000000000e+00
5.082110000000000000e+05
2.155830000000000000e+05
5.168200000000000000e+04
-1.000000000000000000e+00
5.190830000000000000e+05
7.583350000000000000e+05
-1.000000000000000000e+00
-1.000000000000000000e+00
8.161950000000000000e+05
-1.000000000000000000e+00
6.195200000000000000e+04
-1.000000000000000000e+00
-1.000000000000000000e+00
-1.000000000000000000e+00
8.378780000000000000e+05
5.722400000000000000e+04
2.900800000000000000e+05
-1.000000000000000000e+00
2.045480000000000000e+05
3.529340000000000000e+05
9.631100000000000000e+04
3.356620000000000000e+05
8.468030000000000000e+05
1.765380000000000000e+05
2.630720000000000000e+05
-1.000000000000000000e+00
7.220650000000000000e+05
-1.000000000000000000e+00
8.698740000000000000e+05
-1.000000000000000000e+00
9.406920000000000000e+05
-1.000000000000000000e+00
-1.000000000000000000e+00
-1.000000000000000000e+00
-1.000000000000000000e+00
1.145950000000000000e+05
5.333290000000000000e+05
-1.000000000000000000e+00
-1.000000000000000000e+00
2.027790000000000000e+05
3.597740000000000000e+05
-1.000000000000000000e+00
-1.000000000000000000e+00
-1.000000000000000000e+00
-1.000000000000000000e+00
-1.000000000000000000e+00
-1.000000000000000000e+00
2.043990000000000000e+05
-1.000000000000000000e+00
-1.000000000000000000e+00
7.122720000000000000e+05
-1.000000000000000000e+00
-1.000000000000000000e+00
-1.000000000000000000e+00
4.118380000000000000e+05
-1.000000000000000000e+00
4.685670000000000000e+05
-1.000000000000000000e+00
-1.000000000000000000e+00
8.434600000000000000e+04
-1.000000000000000000e+00
-1.000000000000000000e+00
-1.000000000000000000e+00
-1.000000000000000000e+00
7.515120000000000000e+05
-1.000000000000000000e+00
-1.000000000000000000e+00
5.562000000000000000e+04
8.439870000000000000e+05
9.592410000000000000e+05
-1.000000000000000000e+00
-1.000000000000000000e+00
1.924820000000000000e+05
9.719430000000000000e+05
4.338540000000000000e+05
1.655830000000000000e+05
1.970240000000000000e+05
4.750400000000000000e+04
-1.000000000000000000e+00
-1.000000000000000000e+00
3.208290000000000000e+05
-1.000000000000000000e+00
4.612430000000000000e+05
5.047130000000000000e+05
-1.000000000000000000e+00
1.590000000000000000e+03
9.140540000000000000e+05
-1.000000000000000000e+00
-1.000000000000000000e+00
2.855700000000000000e+04
-1.000000000000000000e+00
-1.000000000000000000e+00
5.729190000000000000e+05
-1.000000000000000000e+00
4.597810000000000000e+05
8.534600000000000000e+04
-1.000000000000000000e+00
4.569020000000000000e+05
5.397450000000000000e+05
4.236520000000000000e+05
2.212200000000000000e+04
1.644750000000000000e+05
-1.000000000000000000e+00
2.920490000000000000e+05
-1.000000000000000000e+00
-1.000000000000000000e+00
5.658330000000000000e+05
4.273930000000000000e+05
2.721440000000000000e+05
3.276360000000000000e+05
1.084190000000000000e+05
5.540900000000000000e+04
-1.000000000000000000e+00
-1.000000000000000000e+00
-1.000000000000000000e+00
6.545600000000000000e+04
-1.000000000000000000e+00
-1.000000000000000000e+00
-1.000000000000000000e+00
6.929700000000000000e+05
2.683900000000000000e+04
4.134150000000000000e+05
-1.000000000000000000e+00
4.063630000000000000e+05
-1.000000000000000000e+00
-1.000000000000000000e+00
2.917870000000000000e+05
6.155000000000000000e+04
-1.000000000000000000e+00
6.096150000000000000e+05
6.675150000000000000e+05
-1.000000000000000000e+00
3.024230000000000000e+05
7.456160000000000000e+05
2.621720000000000000e+05
3.108530000000000000e+05
-1.000000000000000000e+00
9.815520000000000000e+05
-1.000000000000000000e+00
1.304160000000000000e+05
1.292660000000000000e+05
-1.000000000000000000e+00
2.452800000000000000e+04
-1.000000000000000000e+00
3.887050000000000000e+05
4.542540000000000000e+05
2.924090000000000000e+05
4.022030000000000000e+05
5.215610000000000000e+05
1.785830000000000000e+05
6.693740000000000000e+05
-1.000000000000000000e+00
9.197810000000000000e+05
2.227190000000000000e+05
4.803470000000000000e+05
1.456590000000000000e+05
-1.000000000000000000e+00
-1.000000000000000000e+00
-1.000000000000000000e+00
-1.000000000000000000e+00
5.372540000000000000e+05
1.148230000000000000e+05
-1.000000000000000000e+00
-1.000000000000000000e+00
-1.000000000000000000e+00
6.893120000000000000e+05
4.390000000000000000e+05
8.316470000000000000e+05
3.986030000000000000e+05
-1.000000000000000000e+00
7.984710000000000000e+05
2.424000000000000000e+03
5.320650000000000000e+05
5.908280000000000000e+05
-1.000000000000000000e+00
-1.000000000000000000e+00
-1.000000000000000000e+00
-1.000000000000000000e+00
1.168400000000000000e+04
8.696440000000000000e+05
-1.000000000000000000e+00
-1.000000000000000000e+00
-1.000000000000000000e+00
-1.000000000000000000e+00
6.570580000000000000e+05
8.154330000000000000e+05
-1.000000000000000000e+00
1.816240000000000000e+05
9.671140000000000000e+05
-1.000000000000000000e+00
-1.000000000000000000e+00
8.392320000000000000e+05
-1.000000000000000000e+00
-1.000000000000000000e+00
-1.000000000000000000e+00
1.264190000000000000e+05
-1.000000000000000000e+00
-1.000000000000000000e+00
-1.000000000000000000e+00
7.483490000000000000e+05
9.682560000000000000e+05
1.297770000000000000e+05
-1.000000000000000000e+00
1.689130000000000000e+05
3.718270000000000000e+05
-1.000000000000000000e+00
-1.000000000000000000e+00
-1.000000000000000000e+00
-1.000000000000000000e+00
5.681980000000000000e+05
4.510530000000000000e+05
8.518530000000000000e+05
3.463220000000000000e+05
6.994660000000000000e+05
8.213970000000000000e+05
8.506220000000000000e+05
9.608830000000000000e+05
3.225630000000000000e+05
-1.000000000000000000e+00
-1.000000000000000000e+00
-1.000000000000000000e+00
-1.000000000000000000e+00
-1.000000000000000000e+00
-1.000000000000000000e+00
2.281300000000000000e+05
5.358770000000000000e+05
-1.000000000000000000e+00
3.519200000000000000e+04
5.527390000000000000e+05
-1.000000000000000000e+00
1.411940000000000000e+05
3.674820000000000000e+05
7.285370000000000000e+05
-1.000000000000000000e+00
-1.000000000000000000e+00
5.277630000000000000e+05
-1.000000000000000000e+00
-1.000000000000000000e+00
4.166100000000000000e+05
5.188560000000000000e+05
-1.000000000000000000e+00
9.680460000000000000e+05
8.384110000000000000e+05
7.014260000000000000e+05
-1.000000000000000000e+00
-1.000000000000000000e+00
-1.000000000000000000e+00
-1.000000000000000000e+00
1.477200000000000000e+04
-1.000000000000000000e+00
6.214820000000000000e+05
9.362050000000000000e+05
7.577410000000000000e+05
9.020350000000000000e+05
-1.000000000000000000e+00
-1.000000000000000000e+00
1.764480000000000000e+05
6.072700000000000000e+05
-1.000000000000000000e+00
1.654110000000000000e+05
-1.000000000000000000e+00
3.714230000000000000e+05
-1.000000000000000000e+00
-1.000000000000000000e+00
2.254580000000000000e+05
3.677000000000000000e+03
5.831580000000000000e+05
3.973860000000000000e+05
2.479520000000000000e+05
-1.000000000000000000e+00
4.791120000000000000e+05
6.476700000000000000e+04
1.178890000000000000e+05
-1.000000000000000000e+00
5.191490000000000000e+05
6.714620000000000000e+05
4.517990000000000000e+05
3.295890000000000000e+05
4.346710000000000000e+05
-1.000000000000000000e+00
2.492910000000000000e+05
8.840400000000000000e+04
9.090720000000000000e+05
8.382850000000000000e+05
-1.000000000000000000e+00
9.737330000000000000e+05
8.031250000000000000e+05
-1.000000000000000000e+00
-1.000000000000000000e+00
-1.000000000000000000e+00
8.368850000000000000e+05
-1.000000000000000000e+00
-1.000000000000000000e+00
-1.000000000000000000e+00
-1.000000000000000000e+00
4.137960000000000000e+05
-1.000000000000000000e+00
5.653500000000000000e+05
-1.000000000000000000e+00
-1.000000000000000000e+00
-1.000000000000000000e+00
-1.000000000000000000e+00
3.762980000000000000e+05
8.642350000000000000e+05
7.206740000000000000e+05
-1.000000000000000000e+00
5.841340000000000000e+05
1.685990000000000000e+05
2.523770000000000000e+05
1.668360000000000000e+05
8.766040000000000000e+05
-1.000000000000000000e+00
5.011550000000000000e+05
8.256460000000000000e+05
1.143610000000000000e+05
3.274550000000000000e+05
-1.000000000000000000e+00
-1.000000000000000000e+00
-1.000000000000000000e+00
3.228130000000000000e+05
5.001600000000000000e+05
-1.000000000000000000e+00
7.754900000000000000e+04
-1.000000000000000000e+00
-1.000000000000000000e+00
7.302150000000000000e+05
3.300240000000000000e+05
7.593200000000000000e+04
-1.000000000000000000e+00
1.847080000000000000e+05
1.943800000000000000e+05
-1.000000000000000000e+00
-1.000000000000000000e+00
2.609750000000000000e+05
7.719730000000000000e+05
8.247640000000000000e+05
-1.000000000000000000e+00
7.724070000000000000e+05
-1.000000000000000000e+00
8.694300000000000000e+04
-1.000000000000000000e+00
3.005280000000000000e+05
-1.000000000000000000e+00
-1.000000000000000000e+00
-1.000000000000000000e+00
-1.000000000000000000e+00
5.189320000000000000e+05
7.287590000000000000e+05
1.773980000000000000e+05
9.296660000000000000e+05
3.313430000000000000e+05
6.498700000000000000e+04
-1.000000000000000000e+00
9.969090000000000000e+05
4.834120000000000000e+05
-1.000000000000000000e+00
7.701030000000000000e+05
-1.000000000000000000e+00
7.807300000000000000e+04
4.654930000000000000e+05
-1.000000000000000000e+00
-1.000000000000000000e+00
4.863500000000000000e+04
7.426800000000000000e+05
-1.000000000000000000e+00
1.614700000000000000e+05
-1.000000000000000000e+00
-1.000000000000000000e+00
4.010990000000000000e+05
-1.000000000000000000e+00
1.634490000000000000e+05
4.424900000000000000e+04
4.308080000000000000e+05
-1.000000000000000000e+00
5.530120000000000000e+05
-1.000000000000000000e+00
1.811070000000000000e+05
-1.000000000000000000e+00
3.481530000000000000e+05
2.621200000000000000e+05
-1.000000000000000000e+00
-1.000000000000000000e+00
4.040000000000000000e+03
-1.000000000000000000e+00
4.629360000000000000e+05
-1.000000000000000000e+00
-1.000000000000000000e+00
3.275430000000000000e+05
2.106700000000000000e+04
1.187620000000000000e+05
9.276800000000000000e+04
2.188350000000000000e+05
3.437370000000000000e+05
-1.000000000000000000e+00
-1.000000000000000000e+00
3.311270000000000000e+05
8.208890000000000000e+05
-1.000000000000000000e+00
1.326700000000000000e+05
3.939440000000000000e+05
-1.000000000000000000e+00
-1.000000000000000000e+00
7.250000000000000000e+04
5.161090000000000000e+05
-1.000000000000000000e+00
-1.000000000000000000e+00
1.206500000000000000e+05
-1.000000000000000000e+00
5.839730000000000000e+05
7.707530000000000000e+05
7.527560000000000000e+05
6.545100000000000000e+04
-1.000000000000000000e+00
2.674870000000000000e+05
8.291740000000000000e+05
-1.000000000000000000e+00
-1.000000000000000000e+00
3.239660000000000000e+05
-1.000000000000000000e+00
5.844310000000000000e+05
-1.000000000000000000e+00
-1.000000000000000000e+00
-1.000000000000000000e+00
-1.000000000000000000e+00
-1.000000000000000000e+00
8.079490000000000000e+05
2.368730000000000000e+05
4.928280000000000000e+05
-1.000000000000000000e+00
3.263380000000000000e+05
-1.000000000000000000e+00
3.806270000000000000e+05
-1.000000000000000000e+00
4.220650000000000000e+05
1.048470000000000000e+05
9.777700000000000000e+04
1.489240000000000000e+05
9.890300000000000000e+05
-1.000000000000000000e+00
-1.000000000000000000e+00
9.167190000000000000e+05
-1.000000000000000000e+00
-1.000000000000000000e+00
-1.000000000000000000e+00
-1.000000000000000000e+00
-1.000000000000000000e+00
7.112290000000000000e+05
6.677120000000000000e+05
9.357160000000000000e+05
7.886650000000000000e+05
2.074340000000000000e+05
8.113100000000000000e+04
9.088180000000000000e+05
-1.000000000000000000e+00
-1.000000000000000000e+00
-1.000000000000000000e+00
6.968410000000000000e+05
6.458560000000000000e+05
5.818430000000000000e+05
5.765860000000000000e+05
-1.000000000000000000e+00
-1.000000000000000000e+00
-1.000000000000000000e+00
-1.000000000000000000e+00
6.975700000000000000e+04
5.931710000000000000e+05
8.416860000000000000e+05
5.102620000000000000e+05
-1.000000000000000000e+00
7.494800000000000000e+05
-1.000000000000000000e+00
1.679220000000000000e+05
2.955170000000000000e+05
2.533230000000000000e+05
-1.000000000000000000e+00
-1.000000000000000000e+00
6.651570000000000000e+05
6.018420000000000000e+05
9.893260000000000000e+05
-1.000000000000000000e+00
3.431990000000000000e+05
-1.000000000000000000e+00
3.712930000000000000e+05
-1.000000000000000000e+00
6.607470000000000000e+05
4.207000000000000000e+05
1.021950000000000000e+05
-1.000000000000000000e+00
3.555850000000000000e+05
-1.000000000000000000e+00
-1.000000000000000000e+00
6.449540000000000000e+05
3.561440000000000000e+05
6.607770000000000000e+05
7.036020000000000000e+05
-1.000000000000000000e+00
-1.000000000000000000e+00
-1.000000000000000000e+00
-1.000000000000000000e+00
3.129030000000000000e+05
1.228700000000000000e+05
-1.000000000000000000e+00
7.540380000000000000e+05
3.444320000000000000e+05
4.816840000000000000e+05
-1.000000000000000000e+00
-1.000000000000000000e+00
-1.000000000000000000e+00
-1.000000000000000000e+00
-1.000000000000000000e+00
1.139410000000000000e+05
5.559200000000000000e+04
-1.000000000000000000e+00
-1.000000000000000000e+00
-1.000000000000000000e+00
7.711150000000000000e+05
8.157880000000000000e+05
9.727490000000000000e+05
3.568680000000000000e+05
-1.000000000000000000e+00
-1.000000000000000000e+00
-1.000000000000000000e+00
6.677940000000000000e+05
-1.000000000000000000e+00
7.519860000000000000e+05
7.603900000000000000e+05
-1.000000000000000000e+00
-1.000000000000000000e+00
4.277220000000000000e+05
-1.000000000000000000e+00
9.126620000000000000e+05
-1.000000000000000000e+00
-1.000000000000000000e+00
1.195200000000000000e+05
-1.000000000000000000e+00
-1.000000000000000000e+00
2.850430000000000000e+05
1.369370000000000000e+05
-1.000000000000000000e+00
-1.000000000000000000e+00
3.113720000000000000e+05
2.371210000000000000e+05
5.419230000000000000e+05
-1.000000000000000000e+00
8.892830000000000000e+05
2.483410000000000000e+05
5.020460000000000000e+05
9.031250000000000000e+05
3.531430000000000000e+05
-1.000000000000000000e+00
7.555210000000000000e+05
7.066430000000000000e+05
7.421820000000000000e+05
-1.000000000000000000e+00
-1.000000000000000000e+00
-1.000000000000000000e+00
1.481350000000000000e+05
-1.000000000000000000e+00
1.684310000000000000e+05
-1.000000000000000000e+00
-1.000000000000000000e+00
7.761920000000000000e+05
-1.000000000000000000e+00
7.948490000000000000e+05
-1.000000000000000000e+00
-1.000000000000000000e+00
3.773670000000000000e+05
-1.000000000000000000e+00
-1.000000000000000000e+00
5.815130000000000000e+05
4.160790000000000000e+05
-1.000000000000000000e+00
-1.000000000000000000e+00
3.373770000000000000e+05
3.393530000000000000e+05
8.228400000000000000e+04
8.868380000000000000e+05
-1.000000000000000000e+00
-1.000000000000000000e+00
-1.000000000000000000e+00
8.239680000000000000e+05
2.595700000000000000e+04
-1.000000000000000000e+00
2.165110000000000000e+05
-1.000000000000000000e+00
5.194900000000000000e+05
-1.000000000000000000e+00
4.669890000000000000e+05
-1.000000000000000000e+00
8.966870000000000000e+05
1.314410000000000000e+05
-1.000000000000000000e+00
-1.000000000000000000e+00
-1.000000000000000000e+00
-1.000000000000000000e+00
-1.000000000000000000e+00
6.060710000000000000e+05
2.224240000000000000e+05
1.528050000000000000e+05
-1.000000000000000000e+00
-1.000000000000000000e+00
7.828530000000000000e+05
7.914990000000000000e+05
2.186510000000000000e+05
1.745840000000000000e+05
3.939800000000000000e+05
-1.000000000000000000e+00
-1.000000000000000000e+00
1.389890000000000000e+05
1.257540000000000000e+05
-1.000000000000000000e+00
2.827170000000000000e+05
9.933800000000000000e+04
3.903750000000000000e+05
9.717760000000000000e+05
-1.000000000000000000e+00
-1.000000000000000000e+00
-1.000000000000000000e+00
2.100000000000000000e+03
3.079400000000000000e+04
-1.000000000000000000e+00
4.232270000000000000e+05
3.101250000000000000e+05
-1.000000000000000000e+00
3.484400000000000000e+04
3.997810000000000000e+05
2.854730000000000000e+05
-1.000000000000000000e+00
-1.000000000000000000e+00
-1.000000000000000000e+00
6.566400000000000000e+05
3.959840000000000000e+05
-1.000000000000000000e+00
3.942300000000000000e+05
9.847790000000000000e+05
5.753380000000000000e+05
5.775300000000000000e+04
-1.000000000000000000e+00
9.645170000000000000e+05
-1.000000000000000000e+00
2.338150000000000000e+05
5.055340000000000000e+05
4.172830000000000000e+05
-1.000000000000000000e+00
4.432120000000000000e+05
4.107030000000000000e+05
6.904400000000000000e+05
-1.000000000000000000e+00
6.398960000000000000e+05
-1.000000000000000000e+00
-1.000000000000000000e+00
7.275850000000000000e+05
1.217700000000000000e+04
-1.000000000000000000e+00
3.023240000000000000e+05
-1.000000000000000000e+00
-1.000000000000000000e+00
-1.000000000000000000e+00
8.217950000000000000e+05
2.221980000000000000e+05
6.167500000000000000e+04
5.189600000000000000e+05
5.510020000000000000e+05
-1.000000000000000000e+00
9.268300000000000000e+04
7.848990000000000000e+05
3.974660000000000000e+05
-1.000000000000000000e+00
5.961100000000000000e+05
-1.000000000000000000e+00
-1.000000000000000000e+00
-1.000000000000000000e+00
-1.000000000000000000e+00
-1.000000000000000000e+00
5.089240000000000000e+05
-1.000000000000000000e+00
5.301440000000000000e+05
-1.000000000000000000e+00
-1.000000000000000000e+00
8.320000000000000000e+02
7.823310000000000000e+05
-1.000000000000000000e+00
-1.000000000000000000e+00
4.764250000000000000e+05
-1.000000000000000000e+00
8.680200000000000000e+04
6.486410000000000000e+05
-1.000000000000000000e+00
-1.000000000000000000e+00
-1.000000000000000000e+00
-1.000000000000000000e+00
4.582800000000000000e+04
9.728760000000000000e+05
-1.000000000000000000e+00
3.235780000000000000e+05
2.620910000000000000e+05
-1.000000000000000000e+00
1.279080000000000000e+05
-1.000000000000000000e+00
3.377790000000000000e+05
4.766830000000000000e+05
-1.000000000000000000e+00
1.534530000000000000e+05
7.297550000000000000e+05
-1.000000000000000000e+00
-1.000000000000000000e+00
1.283330000000000000e+05
-1.000000000000000000e+00
-1.000000000000000000e+00
1.168650000000000000e+05
-1.000000000000000000e+00
8.490200000000000000e+05
4.961530000000000000e+05
-1.000000000000000000e+00
-1.000000000000000000e+00
-1.000000000000000000e+00
2.187790000000000000e+05
-1.000000000000000000e+00
8.824100000000000000e+04
-1.000000000000000000e+00
-1.000000000000000000e+00
5.483400000000000000e+05
-1.000000000000000000e+00
3.449860000000000000e+05
8.203760000000000000e+05
-1.000000000000000000e+00
5.906600000000000000e+05
-1.000000000000000000e+00
-1.000000000000000000e+00
-1.000000000000000000e+00
1.384070000000000000e+05
-1.000000000000000000e+00
-1.000000000000000000e+00
-1.000000000000000000e+00
8.852450000000000000e+05
1.040800000000000000e+04
5.222060000000000000e+05
-1.000000000000000000e+00
1.928750000000000000e+05
-1.000000000000000000e+00
3.172010000000000000e+05
5.053260000000000000e+05
6.131340000000000000e+05
1.163230000000000000e+05
8.353750000000000000e+05
6.519600000000000000e+04
4.156070000000000000e+05
2.824850000000000000e+05
-1.000000000000000000e+00
8.279600000000000000e+05
-1.000000000000000000e+00
1.889100000000000000e+05
-1.000000000000000000e+00
4.465810000000000000e+05
-1.000000000000000000e+00
8.302000000000000000e+04
4.998620000000000000e+05
-1.000000000000000000e+00
1.821520000000000000e+05
-1.000000000000000000e+00
-1.000000000000000000e+00
1.502540000000000000e+05
-1.000000000000000000e+00
-1.000000000000000000e+00
-1.000000000000000000e+00
-1.000000000000000000e+00
8.431230000000000000e+05
-1.000000000000000000e+00
2.290110000000000000e+05
-1.000000000000000000e+00
1.629470000000000000e+05
4.226810000000000000e+05
-1.000000000000000000e+00
-1.000000000000000000e+00
-1.000000000000000000e+00
8.800270000000000000e+05
2.573940000000000000e+05
2.400910000000000000e+05
6.614680000000000000e+05
-1.000000000000000000e+00
-1.000000000000000000e+00
-1.000000000000000000e+00
-1.000000000000000000e+00
-1.000000000000000000e+00
-1.000000000000000000e+00
-1.000000000000000000e+00
9.867460000000000000e+05
-1.000000000000000000e+00
-1.000000000000000000e+00
-1.000000000000000000e+00
8.226800000000000000e+04
-1.000000000000000000e+00
-1.000000000000000000e+00
5.581200000000000000e+04
1.732400000000000000e+05
-1.000000000000000000e+00
2.561200000000000000e+04
9.540700000000000000e+05
1.064190000000000000e+05
6.476630000000000000e+05
5.726550000000000000e+05
8.322410000000000000e+05
-1.000000000000000000e+00
6.993300000000000000e+04
-1.000000000000000000e+00
8.585050000000000000e+05
1.772450000000000000e+05
4.268950000000000000e+05
8.000700000000000000e+04
-1.000000000000000000e+00
