# (grid_size, q, alpha, t_max, runs) = (30, 0.3701, 0.427, 1000000, 1000)
1.275400000000000000e+04
2.744440000000000000e+05
3.774230000000000000e+05
1.708530000000000000e+05
1.440110000000000000e+05
8.821600000000000000e+04
2.409550000000000000e+05
3.966800000000000000e+04
1.784820000000000000e+05
3.688200000000000000e+05
3.082000000000000000e+05
2.343190000000000000e+05
5.684400000000000000e+04
1.327080000000000000e+05
1.284440000000000000e+05
2.350750000000000000e+05
1.561500000000000000e+04
6.217000000000000000e+03
5.770210000000000000e+05
1.369360000000000000e+05
1.636100000000000000e+04
7.326930000000000000e+05
5.239170000000000000e+05
2.311900000000000000e+05
3.459400000000000000e+04
4.305560000000000000e+05
1.130820000000000000e+05
1.721200000000000000e+04
2.261760000000000000e+05
5.140300000000000000e+04
2.277720000000000000e+05
8.760210000000000000e+05
6.751310000000000000e+05
1.895710000000000000e+05
1.117060000000000000e+05
5.754000000000000000e+03
8.851000000000000000e+04
8.607000000000000000e+03
3.933500000000000000e+04
6.754800000000000000e+04
8.027120000000000000e+05
4.517000000000000000e+04
1.481000000000000000e+03
1.817610000000000000e+05
1.463570000000000000e+05
2.707140000000000000e+05
2.430000000000000000e+03
2.739820000000000000e+05
1.511900000000000000e+04
5.966190000000000000e+05
2.208900000000000000e+05
5.116800000000000000e+04
8.220800000000000000e+04
2.570100000000000000e+04
2.865920000000000000e+05
1.576440000000000000e+05
2.704200000000000000e+05
1.443600000000000000e+04
3.748100000000000000e+04
2.283690000000000000e+05
3.963400000000000000e+04
1.202180000000000000e+05
1.882830000000000000e+05
3.104170000000000000e+05
1.324200000000000000e+04
1.268520000000000000e+05
1.090130000000000000e+05
1.260090000000000000e+05
1.102340000000000000e+05
2.424970000000000000e+05
8.404000000000000000e+03
4.236400000000000000e+04
1.402600000000000000e+04
8.230500000000000000e+04
4.151100000000000000e+04
2.954670000000000000e+05
3.565200000000000000e+04
2.543260000000000000e+05
2.610780000000000000e+05
9.436300000000000000e+04
2.718800000000000000e+05
1.036750000000000000e+05
2.776300000000000000e+04
2.718900000000000000e+04
3.684340000000000000e+05
7.372800000000000000e+04
1.274080000000000000e+05
1.584750000000000000e+05
9.060500000000000000e+04
2.096700000000000000e+04
2.591100000000000000e+05
1.804300000000000000e+05
9.119700000000000000e+04
3.573150000000000000e+05
2.994700000000000000e+04
1.712430000000000000e+05
1.164280000000000000e+05
2.305850000000000000e+05
2.418700000000000000e+05
2.117500000000000000e+04
1.642130000000000000e+05
3.319400000000000000e+04
1.172740000000000000e+05
2.495560000000000000e+05
6.118520000000000000e+05
2.352420000000000000e+05
2.227200000000000000e+04
8.583200000000000000e+04
1.921550000000000000e+05
3.037610000000000000e+05
7.213790000000000000e+05
2.087120000000000000e+05
8.336000000000000000e+03
1.020300000000000000e+04
6.101000000000000000e+03
4.702200000000000000e+04
5.601300000000000000e+04
1.166540000000000000e+05
1.016870000000000000e+05
5.295300000000000000e+04
1.329500000000000000e+04
4.088800000000000000e+04
5.453950000000000000e+05
8.116420000000000000e+05
5.227150000000000000e+05
1.399340000000000000e+05
3.513040000000000000e+05
3.745000000000000000e+03
3.392000000000000000e+04
1.383980000000000000e+05
8.035500000000000000e+04
2.520300000000000000e+04
9.517600000000000000e+04
4.528350000000000000e+05
5.149160000000000000e+05
1.221100000000000000e+04
4.731100000000000000e+04
5.525400000000000000e+04
8.275900000000000000e+04
2.123650000000000000e+05
2.515500000000000000e+04
2.756200000000000000e+04
6.690600000000000000e+04
3.201450000000000000e+05
2.147390000000000000e+05
5.510780000000000000e+05
8.414400000000000000e+05
2.393690000000000000e+05
9.803700000000000000e+04
1.978200000000000000e+04
7.937500000000000000e+04
4.315200000000000000e+04
2.719950000000000000e+05
2.498810000000000000e+05
9.279800000000000000e+04
1.611040000000000000e+05
1.090370000000000000e+05
2.145550000000000000e+05
1.206130000000000000e+05
4.268780000000000000e+05
1.599470000000000000e+05
1.290290000000000000e+05
1.666130000000000000e+05
7.357300000000000000e+04
6.982200000000000000e+04
2.579490000000000000e+05
2.062990000000000000e+05
2.900100000000000000e+04
3.672050000000000000e+05
9.546000000000000000e+03
2.157450000000000000e+05
4.844390000000000000e+05
1.240200000000000000e+04
8.836200000000000000e+04
5.041700000000000000e+04
5.217310000000000000e+05
6.647200000000000000e+04
1.362720000000000000e+05
1.444460000000000000e+05
3.608380000000000000e+05
2.331700000000000000e+04
6.731000000000000000e+03
4.504000000000000000e+03
2.799000000000000000e+03
1.248300000000000000e+04
3.146400000000000000e+04
2.205900000000000000e+04
1.071620000000000000e+05
6.259590000000000000e+05
6.599200000000000000e+04
3.920330000000000000e+05
1.817800000000000000e+04
3.257340000000000000e+05
5.384400000000000000e+04
2.141190000000000000e+05
2.123410000000000000e+05
6.207000000000000000e+04
4.845000000000000000e+04
2.972320000000000000e+05
1.186270000000000000e+05
8.777700000000000000e+04
5.854400000000000000e+05
4.805700000000000000e+04
4.922300000000000000e+04
3.077460000000000000e+05
1.053290000000000000e+05
6.094310000000000000e+05
3.400000000000000000e+04
2.295200000000000000e+05
1.186380000000000000e+05
2.295500000000000000e+04
8.573100000000000000e+04
4.153260000000000000e+05
2.233810000000000000e+05
3.743300000000000000e+05
1.431780000000000000e+05
6.819700000000000000e+04
1.078960000000000000e+05
2.887940000000000000e+05
2.258950000000000000e+05
2.187000000000000000e+04
5.279600000000000000e+04
1.068240000000000000e+05
7.841000000000000000e+04
4.006930000000000000e+05
1.749800000000000000e+05
2.202640000000000000e+05
4.129200000000000000e+04
3.336380000000000000e+05
3.425150000000000000e+05
1.472830000000000000e+05
6.048000000000000000e+03
2.196260000000000000e+05
1.793040000000000000e+05
5.751000000000000000e+04
4.001600000000000000e+04
5.399500000000000000e+04
2.476910000000000000e+05
4.717400000000000000e+04
1.742650000000000000e+05
8.333640000000000000e+05
1.404650000000000000e+05
2.826840000000000000e+05
7.141700000000000000e+04
2.057550000000000000e+05
4.361700000000000000e+04
2.477740000000000000e+05
1.675400000000000000e+05
2.511100000000000000e+04
1.960000000000000000e+02
1.963840000000000000e+05
2.646490000000000000e+05
3.478300000000000000e+04
1.865100000000000000e+04
8.383620000000000000e+05
1.796390000000000000e+05
2.802340000000000000e+05
8.171200000000000000e+04
5.913000000000000000e+03
2.468430000000000000e+05
4.442800000000000000e+04
2.542340000000000000e+05
3.786000000000000000e+04
2.517580000000000000e+05
1.111790000000000000e+05
8.137500000000000000e+04
1.070770000000000000e+05
9.174300000000000000e+04
6.023800000000000000e+04
1.287950000000000000e+05
3.547900000000000000e+04
4.865850000000000000e+05
1.292370000000000000e+05
4.266680000000000000e+05
2.322000000000000000e+04
1.090840000000000000e+05
2.322900000000000000e+04
8.980970000000000000e+05
6.369600000000000000e+04
1.538710000000000000e+05
3.421060000000000000e+05
1.099040000000000000e+05
1.385610000000000000e+05
2.286300000000000000e+04
3.500450000000000000e+05
6.296820000000000000e+05
1.579640000000000000e+05
1.716780000000000000e+05
4.865500000000000000e+04
8.081150000000000000e+05
2.074800000000000000e+05
1.335800000000000000e+04
2.200410000000000000e+05
5.922000000000000000e+03
3.501120000000000000e+05
2.578190000000000000e+05
2.158550000000000000e+05
7.723170000000000000e+05
9.694100000000000000e+04
1.186500000000000000e+04
7.610400000000000000e+04
1.833400000000000000e+05
2.098600000000000000e+04
1.382100000000000000e+05
1.547740000000000000e+05
3.929550000000000000e+05
7.793600000000000000e+04
2.350020000000000000e+05
1.005290000000000000e+05
7.184000000000000000e+03
1.542010000000000000e+05
3.030800000000000000e+05
2.659380000000000000e+05
1.417320000000000000e+05
1.302830000000000000e+05
4.354610000000000000e+05
4.940500000000000000e+04
2.241930000000000000e+05
4.822600000000000000e+05
3.621680000000000000e+05
8.056500000000000000e+04
8.910500000000000000e+04
1.338080000000000000e+05
6.897000000000000000e+03
3.018700000000000000e+04
1.168760000000000000e+05
4.186640000000000000e+05
2.843360000000000000e+05
2.201100000000000000e+05
2.116140000000000000e+05
1.118900000000000000e+05
1.275180000000000000e+05
3.335600000000000000e+04
5.894400000000000000e+04
2.102130000000000000e+05
4.487660000000000000e+05
3.400460000000000000e+05
4.012750000000000000e+05
1.868180000000000000e+05
2.513400000000000000e+04
4.944200000000000000e+05
6.580900000000000000e+04
3.893650000000000000e+05
1.121970000000000000e+05
2.219610000000000000e+05
2.212220000000000000e+05
9.246000000000000000e+03
9.247200000000000000e+04
7.008950000000000000e+05
6.790700000000000000e+04
3.462600000000000000e+04
3.470700000000000000e+04
6.516900000000000000e+04
5.019170000000000000e+05
1.536600000000000000e+04
3.609700000000000000e+04
4.157420000000000000e+05
4.744080000000000000e+05
3.502030000000000000e+05
3.007910000000000000e+05
4.728520000000000000e+05
2.629610000000000000e+05
2.545420000000000000e+05
2.899280000000000000e+05
1.408600000000000000e+04
3.130090000000000000e+05
7.014940000000000000e+05
2.721650000000000000e+05
1.531570000000000000e+05
2.224550000000000000e+05
4.694200000000000000e+04
2.158800000000000000e+04
2.114360000000000000e+05
4.212650000000000000e+05
6.768000000000000000e+03
9.787400000000000000e+04
2.848540000000000000e+05
1.780300000000000000e+05
1.382260000000000000e+05
1.578680000000000000e+05
1.300200000000000000e+05
1.460800000000000000e+05
1.575850000000000000e+05
4.408000000000000000e+03
1.596330000000000000e+05
7.995700000000000000e+04
3.009510000000000000e+05
5.635100000000000000e+04
2.454200000000000000e+05
2.007370000000000000e+05
3.669630000000000000e+05
1.452270000000000000e+05
2.479900000000000000e+04
1.671070000000000000e+05
4.575520000000000000e+05
6.016800000000000000e+04
1.448280000000000000e+05
1.136680000000000000e+05
3.385420000000000000e+05
8.491000000000000000e+03
1.598050000000000000e+05
8.074800000000000000e+04
7.101900000000000000e+04
4.302440000000000000e+05
2.623750000000000000e+05
8.773700000000000000e+04
1.115610000000000000e+05
1.310680000000000000e+05
6.341600000000000000e+04
2.757430000000000000e+05
6.190900000000000000e+04
1.856270000000000000e+05
5.049430000000000000e+05
5.258100000000000000e+04
4.674420000000000000e+05
2.043820000000000000e+05
9.190000000000000000e+03
1.204590000000000000e+05
2.224940000000000000e+05
1.012530000000000000e+05
7.662110000000000000e+05
1.082900000000000000e+04
7.140600000000000000e+04
2.959690000000000000e+05
2.296420000000000000e+05
3.096210000000000000e+05
5.387900000000000000e+04
1.023500000000000000e+04
8.630300000000000000e+04
1.649720000000000000e+05
5.854000000000000000e+03
2.187550000000000000e+05
1.531800000000000000e+04
2.269200000000000000e+04
2.062000000000000000e+04
4.369400000000000000e+04
5.554000000000000000e+04
-1.000000000000000000e+00
1.733710000000000000e+05
1.554250000000000000e+05
3.556940000000000000e+05
2.393440000000000000e+05
6.443490000000000000e+05
3.329000000000000000e+03
6.578900000000000000e+04
1.403460000000000000e+05
2.417390000000000000e+05
5.256700000000000000e+04
6.214400000000000000e+04
1.548740000000000000e+05
2.083340000000000000e+05
1.013760000000000000e+05
4.857100000000000000e+04
8.406600000000000000e+04
9.762900000000000000e+04
1.014600000000000000e+04
2.191800000000000000e+05
2.275050000000000000e+05
7.788260000000000000e+05
1.012140000000000000e+05
1.263360000000000000e+05
6.892900000000000000e+04
1.274130000000000000e+05
4.414700000000000000e+05
9.215300000000000000e+05
1.083180000000000000e+05
1.558460000000000000e+05
8.721400000000000000e+04
3.650400000000000000e+04
3.806300000000000000e+05
1.230670000000000000e+05
6.833200000000000000e+04
7.814700000000000000e+04
6.205800000000000000e+04
3.891900000000000000e+04
3.851980000000000000e+05
1.120400000000000000e+05
1.576270000000000000e+05
2.003010000000000000e+05
7.295000000000000000e+03
1.843910000000000000e+05
2.876670000000000000e+05
1.576360000000000000e+05
1.685730000000000000e+05
6.861400000000000000e+04
3.677420000000000000e+05
2.406150000000000000e+05
1.707870000000000000e+05
1.837500000000000000e+05
3.103490000000000000e+05
3.820240000000000000e+05
1.539340000000000000e+05
2.770720000000000000e+05
9.491700000000000000e+04
4.359910000000000000e+05
3.272430000000000000e+05
2.246410000000000000e+05
7.961400000000000000e+04
3.333410000000000000e+05
2.206510000000000000e+05
1.699900000000000000e+05
3.920990000000000000e+05
9.388600000000000000e+04
4.910000000000000000e+02
5.376700000000000000e+04
1.714280000000000000e+05
4.534000000000000000e+03
2.387090000000000000e+05
2.088100000000000000e+04
5.214300000000000000e+04
1.444130000000000000e+05
1.772400000000000000e+05
8.072000000000000000e+04
6.927170000000000000e+05
3.331220000000000000e+05
4.125900000000000000e+04
2.673800000000000000e+04
3.862800000000000000e+04
9.617400000000000000e+04
9.369200000000000000e+04
2.840240000000000000e+05
5.199300000000000000e+04
2.118210000000000000e+05
2.104200000000000000e+04
1.600000000000000000e+05
1.577370000000000000e+05
1.350560000000000000e+05
9.440800000000000000e+04
1.966260000000000000e+05
5.803430000000000000e+05
6.504200000000000000e+04
3.811200000000000000e+04
1.418780000000000000e+05
1.644210000000000000e+05
7.241910000000000000e+05
1.137630000000000000e+05
2.927100000000000000e+04
2.115530000000000000e+05
6.742000000000000000e+03
1.449210000000000000e+05
5.968140000000000000e+05
1.256960000000000000e+05
4.701700000000000000e+04
2.894080000000000000e+05
3.797300000000000000e+04
1.688960000000000000e+05
3.816880000000000000e+05
3.012700000000000000e+04
7.093000000000000000e+04
3.525400000000000000e+04
7.718500000000000000e+04
4.671400000000000000e+04
8.491200000000000000e+04
5.046840000000000000e+05
4.761140000000000000e+05
2.018800000000000000e+05
6.946300000000000000e+04
1.062400000000000000e+05
1.512400000000000000e+04
2.285230000000000000e+05
3.566500000000000000e+04
2.516360000000000000e+05
1.446260000000000000e+05
2.341900000000000000e+04
2.598100000000000000e+04
1.140440000000000000e+05
1.622840000000000000e+05
3.800000000000000000e+04
2.057000000000000000e+03
2.283680000000000000e+05
8.672900000000000000e+04
3.824150000000000000e+05
7.616900000000000000e+04
2.079400000000000000e+04
1.140440000000000000e+05
7.489700000000000000e+04
3.199470000000000000e+05
3.209000000000000000e+03
5.980600000000000000e+04
2.018940000000000000e+05
8.261100000000000000e+04
1.487740000000000000e+05
2.765730000000000000e+05
7.745700000000000000e+04
8.295400000000000000e+04
1.373490000000000000e+05
2.385000000000000000e+04
1.874500000000000000e+04
6.089600000000000000e+04
6.449040000000000000e+05
1.393120000000000000e+05
1.958890000000000000e+05
2.493760000000000000e+05
4.632100000000000000e+04
1.401500000000000000e+04
3.431900000000000000e+04
3.719900000000000000e+04
2.161250000000000000e+05
4.094900000000000000e+04
3.112590000000000000e+05
3.747900000000000000e+04
1.251140000000000000e+05
3.095000000000000000e+03
3.282600000000000000e+04
6.164700000000000000e+04
1.256500000000000000e+04
5.176800000000000000e+04
2.179450000000000000e+05
1.965840000000000000e+05
1.403650000000000000e+05
4.908900000000000000e+04
4.978400000000000000e+04
1.191400000000000000e+05
7.689000000000000000e+03
2.405200000000000000e+04
5.592700000000000000e+04
2.253830000000000000e+05
6.088800000000000000e+04
1.045200000000000000e+05
6.431000000000000000e+04
6.279320000000000000e+05
2.010000000000000000e+03
2.663270000000000000e+05
2.482600000000000000e+04
1.514060000000000000e+05
2.535650000000000000e+05
1.025330000000000000e+05
9.021500000000000000e+05
3.990320000000000000e+05
1.689900000000000000e+04
2.677000000000000000e+04
7.934200000000000000e+04
1.756700000000000000e+04
1.609710000000000000e+05
3.158300000000000000e+04
2.469810000000000000e+05
8.780900000000000000e+04
7.575000000000000000e+03
4.182200000000000000e+04
6.254800000000000000e+04
6.950300000000000000e+04
3.313500000000000000e+04
5.900000000000000000e+02
4.667900000000000000e+04
3.136850000000000000e+05
5.105500000000000000e+04
2.627730000000000000e+05
1.627940000000000000e+05
1.667700000000000000e+04
2.027500000000000000e+05
2.464100000000000000e+04
9.884500000000000000e+04
2.232400000000000000e+04
7.010000000000000000e+03
9.212500000000000000e+04
3.967500000000000000e+04
5.382600000000000000e+04
3.143400000000000000e+04
3.016870000000000000e+05
2.329290000000000000e+05
1.569400000000000000e+04
2.504400000000000000e+05
3.575000000000000000e+04
2.062780000000000000e+05
7.085800000000000000e+04
6.830330000000000000e+05
4.775530000000000000e+05
4.969390000000000000e+05
2.319500000000000000e+04
1.203520000000000000e+05
1.199470000000000000e+05
1.621100000000000000e+04
3.013000000000000000e+04
7.356500000000000000e+04
1.705000000000000000e+03
1.079710000000000000e+05
3.234070000000000000e+05
1.724900000000000000e+04
5.832400000000000000e+04
1.782060000000000000e+05
2.417970000000000000e+05
3.851260000000000000e+05
3.401850000000000000e+05
1.445240000000000000e+05
1.375590000000000000e+05
3.264570000000000000e+05
5.288600000000000000e+04
1.775500000000000000e+05
3.316760000000000000e+05
2.338870000000000000e+05
3.837000000000000000e+03
2.163970000000000000e+05
4.670820000000000000e+05
1.496560000000000000e+05
1.917850000000000000e+05
5.546700000000000000e+04
2.767320000000000000e+05
1.329620000000000000e+05
8.695100000000000000e+04
3.712200000000000000e+04
9.087000000000000000e+03
4.197000000000000000e+03
2.983240000000000000e+05
4.300600000000000000e+04
5.002700000000000000e+04
6.971600000000000000e+04
4.175400000000000000e+04
1.818910000000000000e+05
4.497700000000000000e+05
1.687260000000000000e+05
5.543400000000000000e+04
8.881300000000000000e+04
3.666000000000000000e+04
2.377570000000000000e+05
2.835950000000000000e+05
1.876430000000000000e+05
1.968260000000000000e+05
5.112100000000000000e+04
8.775700000000000000e+04
3.474860000000000000e+05
1.884800000000000000e+05
2.767340000000000000e+05
3.239100000000000000e+04
2.972060000000000000e+05
1.324080000000000000e+05
5.071400000000000000e+04
1.271430000000000000e+05
1.793110000000000000e+05
5.597400000000000000e+04
5.555630000000000000e+05
5.227950000000000000e+05
6.056200000000000000e+04
2.765370000000000000e+05
8.644800000000000000e+04
8.300400000000000000e+04
1.263840000000000000e+05
6.690600000000000000e+04
2.268480000000000000e+05
1.126780000000000000e+05
1.728150000000000000e+05
1.903530000000000000e+05
5.095360000000000000e+05
7.612400000000000000e+04
1.696600000000000000e+04
5.865100000000000000e+04
1.014660000000000000e+05
7.946900000000000000e+04
1.471800000000000000e+04
1.572640000000000000e+05
1.723890000000000000e+05
3.002260000000000000e+05
6.038900000000000000e+04
4.997200000000000000e+04
1.079080000000000000e+05
4.135500000000000000e+04
3.125000000000000000e+04
3.122680000000000000e+05
2.728600000000000000e+04
5.512200000000000000e+04
6.117300000000000000e+04
2.497050000000000000e+05
1.181320000000000000e+05
3.198950000000000000e+05
1.700880000000000000e+05
5.393380000000000000e+05
1.950620000000000000e+05
4.206600000000000000e+04
3.336870000000000000e+05
9.707600000000000000e+04
4.177270000000000000e+05
5.934070000000000000e+05
7.025100000000000000e+04
2.172240000000000000e+05
1.552220000000000000e+05
5.813550000000000000e+05
3.364710000000000000e+05
7.575600000000000000e+04
3.928000000000000000e+03
2.673800000000000000e+04
5.998000000000000000e+03
3.486920000000000000e+05
1.657870000000000000e+05
4.163880000000000000e+05
6.875500000000000000e+04
1.030350000000000000e+05
1.147500000000000000e+04
9.573280000000000000e+05
1.556840000000000000e+05
1.383280000000000000e+05
4.380000000000000000e+04
1.163010000000000000e+05
5.353000000000000000e+04
1.651160000000000000e+05
1.448820000000000000e+05
1.340960000000000000e+05
1.204800000000000000e+04
2.056410000000000000e+05
3.535140000000000000e+05
2.619940000000000000e+05
4.714760000000000000e+05
3.433540000000000000e+05
7.547400000000000000e+04
1.916340000000000000e+05
2.641480000000000000e+05
2.963730000000000000e+05
1.063490000000000000e+05
1.071050000000000000e+05
8.111000000000000000e+03
3.010270000000000000e+05
1.234660000000000000e+05
2.454720000000000000e+05
1.515300000000000000e+04
1.012960000000000000e+05
3.860980000000000000e+05
2.881590000000000000e+05
5.243900000000000000e+04
3.075500000000000000e+04
1.281840000000000000e+05
3.855900000000000000e+04
2.385780000000000000e+05
1.716650000000000000e+05
1.554970000000000000e+05
1.211150000000000000e+05
7.474810000000000000e+05
2.572900000000000000e+04
1.091830000000000000e+05
3.655200000000000000e+04
1.277980000000000000e+05
3.781400000000000000e+04
2.253460000000000000e+05
1.718140000000000000e+05
5.703100000000000000e+05
2.264700000000000000e+04
1.783810000000000000e+05
3.744300000000000000e+04
4.466900000000000000e+04
1.629400000000000000e+04
1.116790000000000000e+05
2.579940000000000000e+05
1.052120000000000000e+05
7.954840000000000000e+05
2.894680000000000000e+05
9.921300000000000000e+04
7.120000000000000000e+02
2.531600000000000000e+04
3.722300000000000000e+04
1.564300000000000000e+04
6.689000000000000000e+04
2.123790000000000000e+05
3.304800000000000000e+04
3.781640000000000000e+05
6.165880000000000000e+05
9.207900000000000000e+04
2.972000000000000000e+04
1.622020000000000000e+05
4.257700000000000000e+04
2.596310000000000000e+05
3.834200000000000000e+04
5.695800000000000000e+04
2.948000000000000000e+03
2.584530000000000000e+05
1.841000000000000000e+03
1.126250000000000000e+05
3.645850000000000000e+05
7.807290000000000000e+05
2.077570000000000000e+05
9.716400000000000000e+04
1.446000000000000000e+03
1.076050000000000000e+05
4.431130000000000000e+05
4.508200000000000000e+04
3.946180000000000000e+05
4.052100000000000000e+04
5.729170000000000000e+05
1.298170000000000000e+05
1.421870000000000000e+05
8.251100000000000000e+04
1.506730000000000000e+05
7.041400000000000000e+04
2.151240000000000000e+05
1.479510000000000000e+05
5.349220000000000000e+05
1.955710000000000000e+05
1.662300000000000000e+04
1.325670000000000000e+05
3.014740000000000000e+05
1.396900000000000000e+05
1.757910000000000000e+05
3.232000000000000000e+05
1.481150000000000000e+05
1.942370000000000000e+05
1.085410000000000000e+05
2.989840000000000000e+05
4.492200000000000000e+04
9.634400000000000000e+04
2.712210000000000000e+05
9.084100000000000000e+04
3.157740000000000000e+05
1.330760000000000000e+05
5.556300000000000000e+04
2.812270000000000000e+05
4.873400000000000000e+04
2.807770000000000000e+05
9.888500000000000000e+04
2.890500000000000000e+04
4.321400000000000000e+04
2.271100000000000000e+04
1.740700000000000000e+05
1.984800000000000000e+04
1.796760000000000000e+05
1.423900000000000000e+05
6.888800000000000000e+04
2.158930000000000000e+05
8.838600000000000000e+05
3.469660000000000000e+05
2.169670000000000000e+05
1.954750000000000000e+05
8.760000000000000000e+04
6.431830000000000000e+05
3.105420000000000000e+05
1.332400000000000000e+04
1.513970000000000000e+05
9.713900000000000000e+04
1.429920000000000000e+05
4.892520000000000000e+05
7.900000000000000000e+02
5.449100000000000000e+04
1.701570000000000000e+05
1.150780000000000000e+05
8.334400000000000000e+04
1.528330000000000000e+05
9.548200000000000000e+04
1.005670000000000000e+05
4.267140000000000000e+05
2.485310000000000000e+05
5.901400000000000000e+04
3.248720000000000000e+05
3.025740000000000000e+05
1.138270000000000000e+05
1.012600000000000000e+05
2.908740000000000000e+05
2.864910000000000000e+05
1.692750000000000000e+05
2.395100000000000000e+04
1.489370000000000000e+05
1.000060000000000000e+05
1.120690000000000000e+05
6.949000000000000000e+03
1.518720000000000000e+05
1.005100000000000000e+05
1.130590000000000000e+05
2.275360000000000000e+05
1.407530000000000000e+05
3.526720000000000000e+05
7.551900000000000000e+04
3.146690000000000000e+05
6.280110000000000000e+05
4.898500000000000000e+04
1.526680000000000000e+05
6.662100000000000000e+04
5.790000000000000000e+02
2.016970000000000000e+05
5.607800000000000000e+04
8.325500000000000000e+04
3.325000000000000000e+04
9.996000000000000000e+03
2.497520000000000000e+05
1.238040000000000000e+05
1.819080000000000000e+05
2.776260000000000000e+05
2.445760000000000000e+05
2.288550000000000000e+05
3.963030000000000000e+05
2.727940000000000000e+05
5.541600000000000000e+04
7.534000000000000000e+03
2.650690000000000000e+05
2.498270000000000000e+05
1.846000000000000000e+03
5.654000000000000000e+04
2.469600000000000000e+04
1.653670000000000000e+05
2.485510000000000000e+05
2.528590000000000000e+05
5.560000000000000000e+04
5.951300000000000000e+04
2.244000000000000000e+04
2.655800000000000000e+04
3.199720000000000000e+05
9.065800000000000000e+04
1.179820000000000000e+05
5.600500000000000000e+04
2.285060000000000000e+05
4.488600000000000000e+04
1.275600000000000000e+04
1.325300000000000000e+05
8.993300000000000000e+04
1.019280000000000000e+05
1.222780000000000000e+05
-1.000000000000000000e+00
