# (grid_size, q, alpha, t_max, runs) = (30, 0.3701, 0.441, 1000000, 1000)
2.073720000000000000e+05
3.749510000000000000e+05
1.733710000000000000e+05
2.481070000000000000e+05
4.994110000000000000e+05
3.918600000000000000e+04
1.742130000000000000e+05
2.342500000000000000e+05
4.007050000000000000e+05
3.738980000000000000e+05
3.918600000000000000e+05
3.190980000000000000e+05
3.367710000000000000e+05
5.330700000000000000e+04
5.660850000000000000e+05
3.392930000000000000e+05
1.978140000000000000e+05
5.920670000000000000e+05
2.642950000000000000e+05
2.156600000000000000e+04
7.986260000000000000e+05
1.158520000000000000e+05
3.687550000000000000e+05
1.343530000000000000e+05
1.407340000000000000e+05
1.030240000000000000e+05
1.652300000000000000e+04
2.527040000000000000e+05
1.081860000000000000e+05
3.056160000000000000e+05
1.457020000000000000e+05
9.431590000000000000e+05
1.557380000000000000e+05
4.232980000000000000e+05
8.344500000000000000e+04
1.701090000000000000e+05
4.722100000000000000e+04
1.937310000000000000e+05
1.758900000000000000e+04
2.793250000000000000e+05
2.562990000000000000e+05
5.889170000000000000e+05
2.017260000000000000e+05
3.365140000000000000e+05
1.496980000000000000e+05
9.317750000000000000e+05
6.042900000000000000e+04
2.071000000000000000e+04
-1.000000000000000000e+00
6.357200000000000000e+04
1.230400000000000000e+04
1.067050000000000000e+05
7.164330000000000000e+05
3.640860000000000000e+05
-1.000000000000000000e+00
6.140330000000000000e+05
8.827110000000000000e+05
3.190830000000000000e+05
2.798250000000000000e+05
8.703740000000000000e+05
3.045740000000000000e+05
2.081830000000000000e+05
1.438110000000000000e+05
2.458970000000000000e+05
1.452850000000000000e+05
2.847000000000000000e+05
3.322000000000000000e+04
5.114090000000000000e+05
4.308780000000000000e+05
2.222260000000000000e+05
9.745450000000000000e+05
7.925200000000000000e+04
9.789400000000000000e+04
1.339870000000000000e+05
1.164240000000000000e+05
1.680800000000000000e+04
-1.000000000000000000e+00
1.114750000000000000e+05
3.588400000000000000e+04
3.824070000000000000e+05
3.599300000000000000e+04
7.594000000000000000e+04
-1.000000000000000000e+00
2.065520000000000000e+05
2.448110000000000000e+05
3.148520000000000000e+05
1.124430000000000000e+05
1.340830000000000000e+05
5.062100000000000000e+04
1.678510000000000000e+05
6.101820000000000000e+05
7.342100000000000000e+04
2.259900000000000000e+04
5.813570000000000000e+05
9.094350000000000000e+05
5.148480000000000000e+05
6.707190000000000000e+05
3.899200000000000000e+04
3.082420000000000000e+05
6.541680000000000000e+05
3.809770000000000000e+05
-1.000000000000000000e+00
2.857590000000000000e+05
5.144300000000000000e+04
6.406950000000000000e+05
1.258510000000000000e+05
2.755100000000000000e+04
7.075600000000000000e+04
6.371850000000000000e+05
7.836790000000000000e+05
1.611270000000000000e+05
2.879440000000000000e+05
-1.000000000000000000e+00
1.245180000000000000e+05
4.667220000000000000e+05
1.782530000000000000e+05
1.743400000000000000e+04
9.905100000000000000e+04
3.623880000000000000e+05
7.086600000000000000e+05
4.696930000000000000e+05
6.866500000000000000e+05
2.077030000000000000e+05
1.583150000000000000e+05
2.093300000000000000e+04
1.635200000000000000e+04
-1.000000000000000000e+00
1.419800000000000000e+04
8.463170000000000000e+05
6.271600000000000000e+04
1.612110000000000000e+05
2.610090000000000000e+05
4.589600000000000000e+04
7.243290000000000000e+05
2.111090000000000000e+05
7.478500000000000000e+04
5.422790000000000000e+05
2.806490000000000000e+05
3.893200000000000000e+05
1.422430000000000000e+05
1.971290000000000000e+05
8.978710000000000000e+05
1.790240000000000000e+05
2.668970000000000000e+05
1.581500000000000000e+04
1.444290000000000000e+05
5.650280000000000000e+05
6.738900000000000000e+04
7.339410000000000000e+05
4.293050000000000000e+05
7.825400000000000000e+04
2.745790000000000000e+05
6.687440000000000000e+05
2.189650000000000000e+05
2.278990000000000000e+05
9.667200000000000000e+04
6.969230000000000000e+05
2.816330000000000000e+05
2.028310000000000000e+05
3.593590000000000000e+05
6.167510000000000000e+05
2.574540000000000000e+05
9.367900000000000000e+04
1.550160000000000000e+05
7.395000000000000000e+03
1.432220000000000000e+05
1.040540000000000000e+05
6.530000000000000000e+04
2.655400000000000000e+05
7.812000000000000000e+04
6.607840000000000000e+05
9.967600000000000000e+04
4.726730000000000000e+05
1.988320000000000000e+05
1.504670000000000000e+05
4.856080000000000000e+05
4.565430000000000000e+05
3.497200000000000000e+04
1.984570000000000000e+05
4.976300000000000000e+05
3.293870000000000000e+05
1.219480000000000000e+05
6.616210000000000000e+05
5.080330000000000000e+05
5.467610000000000000e+05
3.429700000000000000e+04
1.140000000000000000e+03
3.546600000000000000e+05
1.299950000000000000e+05
7.164410000000000000e+05
1.957240000000000000e+05
6.135470000000000000e+05
4.422060000000000000e+05
1.299970000000000000e+05
5.421370000000000000e+05
5.354270000000000000e+05
9.290500000000000000e+04
1.494470000000000000e+05
2.931100000000000000e+04
8.841410000000000000e+05
1.368000000000000000e+05
2.757310000000000000e+05
4.081400000000000000e+04
2.801150000000000000e+05
3.721430000000000000e+05
4.269000000000000000e+03
2.940320000000000000e+05
4.953950000000000000e+05
6.315820000000000000e+05
4.816900000000000000e+04
1.456530000000000000e+05
1.036140000000000000e+05
2.501450000000000000e+05
7.495090000000000000e+05
7.964680000000000000e+05
4.354550000000000000e+05
2.780980000000000000e+05
1.661240000000000000e+05
-1.000000000000000000e+00
6.587640000000000000e+05
6.031800000000000000e+04
1.177340000000000000e+05
1.526840000000000000e+05
5.903810000000000000e+05
6.103800000000000000e+04
1.569150000000000000e+05
3.333240000000000000e+05
9.753000000000000000e+04
2.680050000000000000e+05
4.688800000000000000e+04
1.911490000000000000e+05
-1.000000000000000000e+00
1.923110000000000000e+05
3.538630000000000000e+05
-1.000000000000000000e+00
8.506000000000000000e+04
4.728860000000000000e+05
5.526900000000000000e+04
1.455390000000000000e+05
6.119000000000000000e+05
1.047760000000000000e+05
2.733460000000000000e+05
1.172010000000000000e+05
9.699500000000000000e+04
1.079420000000000000e+05
1.923790000000000000e+05
3.587270000000000000e+05
5.373610000000000000e+05
6.857660000000000000e+05
1.337710000000000000e+05
5.446300000000000000e+05
7.533700000000000000e+04
4.703220000000000000e+05
3.825250000000000000e+05
3.339000000000000000e+04
1.507800000000000000e+04
3.152930000000000000e+05
5.228060000000000000e+05
6.845200000000000000e+04
5.490230000000000000e+05
1.777910000000000000e+05
2.529770000000000000e+05
2.072000000000000000e+04
1.788920000000000000e+05
9.409100000000000000e+05
3.106740000000000000e+05
2.612850000000000000e+05
1.317860000000000000e+05
8.693150000000000000e+05
6.235900000000000000e+04
1.681530000000000000e+05
2.847240000000000000e+05
5.844700000000000000e+04
1.461140000000000000e+05
6.493980000000000000e+05
3.468720000000000000e+05
4.370060000000000000e+05
1.460360000000000000e+05
8.127000000000000000e+03
2.387660000000000000e+05
6.126800000000000000e+04
1.988270000000000000e+05
3.672740000000000000e+05
3.065300000000000000e+05
2.059580000000000000e+05
2.443400000000000000e+04
5.223980000000000000e+05
1.095670000000000000e+05
3.231380000000000000e+05
1.542560000000000000e+05
4.902780000000000000e+05
1.118880000000000000e+05
4.361800000000000000e+04
7.465500000000000000e+04
2.365220000000000000e+05
1.052180000000000000e+05
7.112600000000000000e+04
7.247420000000000000e+05
5.871900000000000000e+04
5.171270000000000000e+05
9.307800000000000000e+04
4.645200000000000000e+05
1.718360000000000000e+05
1.128250000000000000e+05
4.558350000000000000e+05
9.908000000000000000e+04
4.370500000000000000e+04
2.790670000000000000e+05
2.058850000000000000e+05
1.922100000000000000e+04
1.630280000000000000e+05
3.685100000000000000e+04
8.647700000000000000e+04
3.010580000000000000e+05
1.222290000000000000e+05
5.096240000000000000e+05
3.973210000000000000e+05
4.165200000000000000e+05
1.817230000000000000e+05
4.740100000000000000e+04
1.613500000000000000e+04
8.006400000000000000e+04
3.354900000000000000e+04
8.405800000000000000e+05
8.014140000000000000e+05
6.929180000000000000e+05
4.157060000000000000e+05
1.440300000000000000e+05
4.559900000000000000e+05
1.031860000000000000e+05
2.850690000000000000e+05
3.310270000000000000e+05
2.858980000000000000e+05
7.726100000000000000e+05
3.112960000000000000e+05
-1.000000000000000000e+00
2.565320000000000000e+05
6.731100000000000000e+04
1.164700000000000000e+04
3.757690000000000000e+05
2.099440000000000000e+05
4.519330000000000000e+05
1.329980000000000000e+05
7.519260000000000000e+05
8.655890000000000000e+05
1.417980000000000000e+05
1.232290000000000000e+05
1.621600000000000000e+04
8.683300000000000000e+04
5.453360000000000000e+05
3.775610000000000000e+05
1.041600000000000000e+04
1.026700000000000000e+04
1.636300000000000000e+04
-1.000000000000000000e+00
8.588400000000000000e+04
4.661700000000000000e+04
4.289380000000000000e+05
1.329300000000000000e+04
1.295790000000000000e+05
8.113830000000000000e+05
1.641740000000000000e+05
3.046510000000000000e+05
6.137430000000000000e+05
9.638000000000000000e+04
3.555100000000000000e+04
1.724860000000000000e+05
2.113620000000000000e+05
1.375530000000000000e+05
4.522810000000000000e+05
5.486400000000000000e+04
1.272940000000000000e+05
4.073300000000000000e+04
2.360520000000000000e+05
3.109640000000000000e+05
1.193230000000000000e+05
7.804900000000000000e+04
1.873800000000000000e+04
1.910740000000000000e+05
2.308900000000000000e+04
6.220490000000000000e+05
9.680450000000000000e+05
5.658940000000000000e+05
6.848940000000000000e+05
2.022430000000000000e+05
2.653970000000000000e+05
2.944700000000000000e+05
1.024750000000000000e+05
9.967740000000000000e+05
1.256960000000000000e+05
-1.000000000000000000e+00
5.487500000000000000e+04
1.347500000000000000e+05
4.106700000000000000e+05
1.000960000000000000e+05
5.227400000000000000e+04
1.253700000000000000e+04
1.018830000000000000e+05
3.214890000000000000e+05
6.602500000000000000e+04
4.981900000000000000e+04
1.750990000000000000e+05
1.210720000000000000e+05
-1.000000000000000000e+00
1.006270000000000000e+05
2.081690000000000000e+05
3.337000000000000000e+03
4.033690000000000000e+05
2.260330000000000000e+05
5.609600000000000000e+04
4.264960000000000000e+05
3.569150000000000000e+05
2.990480000000000000e+05
6.192200000000000000e+04
2.019210000000000000e+05
-1.000000000000000000e+00
5.459900000000000000e+04
9.613400000000000000e+04
-1.000000000000000000e+00
4.409900000000000000e+04
2.408110000000000000e+05
2.224950000000000000e+05
5.555510000000000000e+05
8.106900000000000000e+04
5.661870000000000000e+05
-1.000000000000000000e+00
4.973200000000000000e+04
3.138400000000000000e+04
2.410200000000000000e+04
1.251310000000000000e+05
1.778670000000000000e+05
-1.000000000000000000e+00
1.348930000000000000e+05
2.090280000000000000e+05
1.741720000000000000e+05
2.562600000000000000e+04
1.509700000000000000e+04
2.201270000000000000e+05
1.352240000000000000e+05
2.802740000000000000e+05
2.789720000000000000e+05
8.730500000000000000e+04
2.845000000000000000e+03
3.839000000000000000e+04
1.092730000000000000e+05
1.931490000000000000e+05
1.344760000000000000e+05
4.787200000000000000e+04
4.157700000000000000e+04
3.695550000000000000e+05
8.522650000000000000e+05
8.656600000000000000e+04
3.375900000000000000e+04
5.544490000000000000e+05
3.239700000000000000e+04
3.194070000000000000e+05
3.298380000000000000e+05
9.402400000000000000e+04
2.020500000000000000e+05
1.118150000000000000e+05
5.574600000000000000e+04
1.312130000000000000e+05
8.510800000000000000e+04
1.787100000000000000e+05
2.122210000000000000e+05
-1.000000000000000000e+00
9.309600000000000000e+04
4.577900000000000000e+04
4.166300000000000000e+05
1.033000000000000000e+05
3.400490000000000000e+05
3.953800000000000000e+04
2.903820000000000000e+05
8.572500000000000000e+04
1.193750000000000000e+05
-1.000000000000000000e+00
1.599230000000000000e+05
4.847530000000000000e+05
7.182040000000000000e+05
4.746250000000000000e+05
7.981580000000000000e+05
-1.000000000000000000e+00
1.498560000000000000e+05
4.544160000000000000e+05
7.053450000000000000e+05
3.958340000000000000e+05
-1.000000000000000000e+00
4.278000000000000000e+04
2.626260000000000000e+05
7.573900000000000000e+04
2.549110000000000000e+05
4.869510000000000000e+05
3.383100000000000000e+04
1.982070000000000000e+05
1.824140000000000000e+05
1.044820000000000000e+05
1.753170000000000000e+05
8.575000000000000000e+04
2.416100000000000000e+04
2.973900000000000000e+05
3.125960000000000000e+05
1.146190000000000000e+05
9.424900000000000000e+04
5.034370000000000000e+05
6.165360000000000000e+05
1.184000000000000000e+03
3.543510000000000000e+05
-1.000000000000000000e+00
2.994150000000000000e+05
2.304640000000000000e+05
2.338170000000000000e+05
4.338000000000000000e+03
6.179230000000000000e+05
4.176730000000000000e+05
1.193100000000000000e+04
3.228630000000000000e+05
2.330900000000000000e+05
5.352400000000000000e+04
7.463500000000000000e+04
3.319530000000000000e+05
5.994110000000000000e+05
3.738100000000000000e+04
3.993280000000000000e+05
1.091130000000000000e+05
2.170790000000000000e+05
1.244300000000000000e+04
2.306550000000000000e+05
4.886690000000000000e+05
4.046320000000000000e+05
5.602630000000000000e+05
3.548850000000000000e+05
3.586930000000000000e+05
2.279210000000000000e+05
3.409060000000000000e+05
3.842640000000000000e+05
1.631040000000000000e+05
2.243070000000000000e+05
2.404080000000000000e+05
8.123300000000000000e+04
1.671160000000000000e+05
1.598780000000000000e+05
5.205880000000000000e+05
1.565430000000000000e+05
1.433710000000000000e+05
1.797010000000000000e+05
2.812220000000000000e+05
1.292540000000000000e+05
1.556840000000000000e+05
1.280090000000000000e+05
2.389600000000000000e+04
9.732900000000000000e+04
2.052240000000000000e+05
7.395700000000000000e+04
1.897610000000000000e+05
2.334170000000000000e+05
3.773090000000000000e+05
5.478410000000000000e+05
6.720740000000000000e+05
1.778900000000000000e+04
1.995560000000000000e+05
1.094500000000000000e+04
3.386770000000000000e+05
2.494130000000000000e+05
9.468000000000000000e+03
9.579100000000000000e+04
3.105120000000000000e+05
5.209800000000000000e+04
2.750390000000000000e+05
2.632530000000000000e+05
3.903130000000000000e+05
-1.000000000000000000e+00
2.179900000000000000e+04
1.183850000000000000e+05
5.361580000000000000e+05
5.820200000000000000e+04
2.226790000000000000e+05
1.812850000000000000e+05
8.999800000000000000e+04
4.309130000000000000e+05
6.035400000000000000e+04
3.385100000000000000e+04
3.769300000000000000e+04
1.739880000000000000e+05
8.558500000000000000e+04
3.202920000000000000e+05
1.209860000000000000e+05
3.276020000000000000e+05
9.100500000000000000e+04
2.655200000000000000e+04
2.738130000000000000e+05
2.902500000000000000e+04
6.488000000000000000e+03
5.735000000000000000e+03
5.460780000000000000e+05
3.326030000000000000e+05
5.683910000000000000e+05
1.968040000000000000e+05
4.078220000000000000e+05
7.297400000000000000e+04
2.292070000000000000e+05
-1.000000000000000000e+00
3.037450000000000000e+05
8.836070000000000000e+05
1.939080000000000000e+05
4.140660000000000000e+05
9.787920000000000000e+05
4.363590000000000000e+05
5.981040000000000000e+05
2.624860000000000000e+05
3.314900000000000000e+04
6.271100000000000000e+04
4.155300000000000000e+04
1.168460000000000000e+05
4.612120000000000000e+05
2.781370000000000000e+05
7.437400000000000000e+04
2.918610000000000000e+05
4.489600000000000000e+04
2.201090000000000000e+05
1.175800000000000000e+04
2.797410000000000000e+05
9.809000000000000000e+03
1.028860000000000000e+05
2.274000000000000000e+03
5.205400000000000000e+04
-1.000000000000000000e+00
4.575900000000000000e+04
8.661060000000000000e+05
3.641190000000000000e+05
5.913500000000000000e+04
2.590650000000000000e+05
5.363800000000000000e+04
2.399100000000000000e+05
3.394950000000000000e+05
3.271130000000000000e+05
7.944800000000000000e+04
2.558870000000000000e+05
2.152980000000000000e+05
1.801900000000000000e+04
-1.000000000000000000e+00
4.206210000000000000e+05
8.196000000000000000e+04
4.938200000000000000e+04
4.955100000000000000e+05
4.067820000000000000e+05
-1.000000000000000000e+00
4.496100000000000000e+04
3.094970000000000000e+05
3.270610000000000000e+05
4.236720000000000000e+05
5.808500000000000000e+04
2.777400000000000000e+04
1.540640000000000000e+05
7.223700000000000000e+04
3.524240000000000000e+05
1.995010000000000000e+05
1.084780000000000000e+05
1.294950000000000000e+05
8.572100000000000000e+04
1.631690000000000000e+05
3.942000000000000000e+04
4.483500000000000000e+04
2.164580000000000000e+05
7.655300000000000000e+04
4.766610000000000000e+05
6.777700000000000000e+04
4.184000000000000000e+05
2.455120000000000000e+05
5.940500000000000000e+04
2.969510000000000000e+05
5.769440000000000000e+05
2.546090000000000000e+05
1.631720000000000000e+05
2.608840000000000000e+05
8.966300000000000000e+04
4.145120000000000000e+05
1.240230000000000000e+05
2.344440000000000000e+05
4.157370000000000000e+05
5.937000000000000000e+04
2.185500000000000000e+04
2.503570000000000000e+05
1.942660000000000000e+05
1.521900000000000000e+04
2.393200000000000000e+05
9.879660000000000000e+05
4.116900000000000000e+04
9.203550000000000000e+05
2.305560000000000000e+05
9.333900000000000000e+05
2.359700000000000000e+04
2.179710000000000000e+05
4.003650000000000000e+05
2.151670000000000000e+05
9.166200000000000000e+04
1.299470000000000000e+05
5.660000000000000000e+03
5.277600000000000000e+04
9.631900000000000000e+04
2.620410000000000000e+05
7.022200000000000000e+04
3.714680000000000000e+05
1.900580000000000000e+05
1.229110000000000000e+05
2.372620000000000000e+05
4.583100000000000000e+04
-1.000000000000000000e+00
8.256300000000000000e+04
3.176660000000000000e+05
3.157100000000000000e+04
1.102560000000000000e+05
1.530450000000000000e+05
1.130370000000000000e+05
9.135300000000000000e+04
4.433860000000000000e+05
2.917690000000000000e+05
4.917100000000000000e+04
6.652400000000000000e+05
3.412520000000000000e+05
1.225270000000000000e+05
2.969260000000000000e+05
4.208700000000000000e+05
2.051100000000000000e+04
1.331850000000000000e+05
3.417800000000000000e+05
2.646120000000000000e+05
1.023760000000000000e+05
3.558490000000000000e+05
5.496560000000000000e+05
1.744310000000000000e+05
2.833130000000000000e+05
2.914300000000000000e+04
7.767000000000000000e+03
1.903090000000000000e+05
3.364300000000000000e+04
1.466750000000000000e+05
5.702000000000000000e+04
2.675830000000000000e+05
6.194430000000000000e+05
5.216700000000000000e+04
2.683770000000000000e+05
1.056850000000000000e+05
2.904080000000000000e+05
5.113880000000000000e+05
1.206190000000000000e+05
1.848780000000000000e+05
1.418300000000000000e+05
6.902620000000000000e+05
4.661780000000000000e+05
-1.000000000000000000e+00
7.740200000000000000e+04
4.641200000000000000e+04
1.880460000000000000e+05
1.213460000000000000e+05
1.708200000000000000e+05
8.984010000000000000e+05
1.391140000000000000e+05
2.744300000000000000e+04
2.936100000000000000e+05
5.055400000000000000e+04
4.891190000000000000e+05
7.776100000000000000e+04
1.204570000000000000e+05
4.576190000000000000e+05
1.484980000000000000e+05
7.983830000000000000e+05
5.895000000000000000e+04
4.328000000000000000e+04
-1.000000000000000000e+00
6.165600000000000000e+04
2.660690000000000000e+05
1.234080000000000000e+05
1.368720000000000000e+05
1.404700000000000000e+04
4.756400000000000000e+04
8.110000000000000000e+03
8.409000000000000000e+03
5.672970000000000000e+05
2.543800000000000000e+04
6.047400000000000000e+04
1.505060000000000000e+05
3.367100000000000000e+05
3.221770000000000000e+05
4.704560000000000000e+05
2.926000000000000000e+03
1.263940000000000000e+05
-1.000000000000000000e+00
2.202260000000000000e+05
2.538340000000000000e+05
1.737320000000000000e+05
-1.000000000000000000e+00
9.615500000000000000e+04
2.349400000000000000e+04
1.243770000000000000e+05
3.689320000000000000e+05
5.006720000000000000e+05
1.334190000000000000e+05
1.947940000000000000e+05
4.150020000000000000e+05
1.820080000000000000e+05
6.739800000000000000e+04
2.385820000000000000e+05
1.676680000000000000e+05
2.508200000000000000e+04
6.471600000000000000e+04
2.609350000000000000e+05
4.292450000000000000e+05
4.608790000000000000e+05
9.563330000000000000e+05
-1.000000000000000000e+00
1.300540000000000000e+05
1.623880000000000000e+05
1.607710000000000000e+05
-1.000000000000000000e+00
7.585500000000000000e+04
3.587350000000000000e+05
4.337530000000000000e+05
2.344300000000000000e+05
7.702600000000000000e+04
3.584370000000000000e+05
1.861690000000000000e+05
5.546760000000000000e+05
3.035840000000000000e+05
-1.000000000000000000e+00
5.829870000000000000e+05
9.371100000000000000e+04
1.233630000000000000e+05
8.740000000000000000e+02
1.552720000000000000e+05
3.924370000000000000e+05
4.492600000000000000e+04
5.980600000000000000e+04
4.899620000000000000e+05
2.320200000000000000e+05
3.017600000000000000e+04
2.761220000000000000e+05
6.138080000000000000e+05
7.572800000000000000e+05
7.432790000000000000e+05
1.328330000000000000e+05
-1.000000000000000000e+00
6.838000000000000000e+04
1.250660000000000000e+05
6.473900000000000000e+04
4.183690000000000000e+05
5.542820000000000000e+05
9.937700000000000000e+04
4.240900000000000000e+04
6.777700000000000000e+04
1.758300000000000000e+04
8.250900000000000000e+04
9.796100000000000000e+04
-1.000000000000000000e+00
1.146690000000000000e+05
5.884170000000000000e+05
5.144200000000000000e+04
8.054840000000000000e+05
4.143500000000000000e+04
3.947000000000000000e+03
1.336140000000000000e+05
2.597650000000000000e+05
5.474550000000000000e+05
3.555880000000000000e+05
4.313400000000000000e+04
1.930180000000000000e+05
8.638100000000000000e+04
5.638520000000000000e+05
3.139990000000000000e+05
2.515110000000000000e+05
6.312810000000000000e+05
3.314980000000000000e+05
4.366430000000000000e+05
3.203100000000000000e+04
8.149900000000000000e+04
2.999320000000000000e+05
1.365650000000000000e+05
1.768540000000000000e+05
3.797080000000000000e+05
4.256220000000000000e+05
1.578370000000000000e+05
2.980700000000000000e+05
5.773820000000000000e+05
9.017000000000000000e+03
2.486140000000000000e+05
1.856920000000000000e+05
1.869140000000000000e+05
2.702700000000000000e+05
2.524480000000000000e+05
2.042760000000000000e+05
2.591040000000000000e+05
1.070480000000000000e+05
2.160810000000000000e+05
1.042300000000000000e+04
6.530200000000000000e+04
1.749250000000000000e+05
2.349670000000000000e+05
1.654740000000000000e+05
3.090700000000000000e+04
9.045530000000000000e+05
5.949490000000000000e+05
-1.000000000000000000e+00
5.504230000000000000e+05
5.695900000000000000e+04
5.111670000000000000e+05
1.465320000000000000e+05
2.973800000000000000e+04
8.384100000000000000e+04
3.722190000000000000e+05
2.112730000000000000e+05
2.175670000000000000e+05
3.493460000000000000e+05
6.530250000000000000e+05
1.959670000000000000e+05
6.596000000000000000e+04
1.879740000000000000e+05
2.890760000000000000e+05
5.296050000000000000e+05
2.384000000000000000e+03
5.904600000000000000e+04
3.223830000000000000e+05
2.661560000000000000e+05
3.542420000000000000e+05
6.458500000000000000e+04
1.644100000000000000e+04
2.435950000000000000e+05
2.570500000000000000e+04
2.034000000000000000e+05
2.114690000000000000e+05
1.564200000000000000e+04
-1.000000000000000000e+00
9.813700000000000000e+04
4.974700000000000000e+04
3.156940000000000000e+05
8.931300000000000000e+04
3.682310000000000000e+05
3.613530000000000000e+05
3.589200000000000000e+04
4.916400000000000000e+04
2.395010000000000000e+05
1.968300000000000000e+04
4.072710000000000000e+05
9.631100000000000000e+04
2.407570000000000000e+05
1.704580000000000000e+05
4.801340000000000000e+05
4.679600000000000000e+04
6.262900000000000000e+04
1.076220000000000000e+05
1.415600000000000000e+04
6.352100000000000000e+04
3.516430000000000000e+05
-1.000000000000000000e+00
5.433910000000000000e+05
2.626300000000000000e+05
1.020690000000000000e+05
4.884400000000000000e+04
3.931930000000000000e+05
-1.000000000000000000e+00
8.782860000000000000e+05
6.256500000000000000e+04
5.312600000000000000e+04
3.059720000000000000e+05
1.911300000000000000e+04
5.112650000000000000e+05
5.592400000000000000e+05
2.224370000000000000e+05
3.177800000000000000e+04
6.169490000000000000e+05
2.833870000000000000e+05
9.914000000000000000e+03
6.285240000000000000e+05
4.723510000000000000e+05
4.525470000000000000e+05
-1.000000000000000000e+00
5.708740000000000000e+05
7.437000000000000000e+04
2.894300000000000000e+04
6.855450000000000000e+05
7.850100000000000000e+04
8.902950000000000000e+05
2.120690000000000000e+05
7.574700000000000000e+04
3.335990000000000000e+05
5.235350000000000000e+05
7.105000000000000000e+04
2.490480000000000000e+05
1.606830000000000000e+05
1.183720000000000000e+05
1.196090000000000000e+05
3.346620000000000000e+05
2.092220000000000000e+05
5.212150000000000000e+05
9.871000000000000000e+03
3.810780000000000000e+05
1.548200000000000000e+05
5.243100000000000000e+04
5.079730000000000000e+05
1.171510000000000000e+05
1.813390000000000000e+05
2.292060000000000000e+05
