# (grid_size, q, alpha, t_max, runs) = (30, 0.3701, 0.509, 1000000, 1000)
-1.000000000000000000e+00
-1.000000000000000000e+00
2.645490000000000000e+05
6.758080000000000000e+05
-1.000000000000000000e+00
2.054520000000000000e+05
-1.000000000000000000e+00
-1.000000000000000000e+00
-1.000000000000000000e+00
9.356360000000000000e+05
-1.000000000000000000e+00
-1.000000000000000000e+00
-1.000000000000000000e+00
-1.000000000000000000e+00
-1.000000000000000000e+00
-1.000000000000000000e+00
-1.000000000000000000e+00
-1.000000000000000000e+00
-1.000000000000000000e+00
3.900680000000000000e+05
-1.000000000000000000e+00
-1.000000000000000000e+00
-1.000000000000000000e+00
-1.000000000000000000e+00
-1.000000000000000000e+00
-1.000000000000000000e+00
-1.000000000000000000e+00
4.412970000000000000e+05
-1.000000000000000000e+00
-1.000000000000000000e+00
-1.000000000000000000e+00
-1.000000000000000000e+00
-1.000000000000000000e+00
-1.000000000000000000e+00
9.305000000000000000e+03
7.466970000000000000e+05
-1.000000000000000000e+00
-1.000000000000000000e+00
-1.000000000000000000e+00
7.312850000000000000e+05
-1.000000000000000000e+00
-1.000000000000000000e+00
-1.000000000000000000e+00
-1.000000000000000000e+00
-1.000000000000000000e+00
-1.000000000000000000e+00
6.035990000000000000e+05
-1.000000000000000000e+00
9.755630000000000000e+05
3.216510000000000000e+05
-1.000000000000000000e+00
2.540860000000000000e+05
-1.000000000000000000e+00
1.044760000000000000e+05
4.959080000000000000e+05
-1.000000000000000000e+00
4.323580000000000000e+05
5.052360000000000000e+05
-1.000000000000000000e+00
5.642020000000000000e+05
-1.000000000000000000e+00
3.039030000000000000e+05
-1.000000000000000000e+00
-1.000000000000000000e+00
-1.000000000000000000e+00
-1.000000000000000000e+00
-1.000000000000000000e+00
-1.000000000000000000e+00
-1.000000000000000000e+00
-1.000000000000000000e+00
-1.000000000000000000e+00
-1.000000000000000000e+00
-1.000000000000000000e+00
-1.000000000000000000e+00
-1.000000000000000000e+00
9.570380000000000000e+05
-1.000000000000000000e+00
-1.000000000000000000e+00
-1.000000000000000000e+00
7.186300000000000000e+04
-1.000000000000000000e+00
-1.000000000000000000e+00
-1.000000000000000000e+00
-1.000000000000000000e+00
-1.000000000000000000e+00
8.685650000000000000e+05
4.463420000000000000e+05
-1.000000000000000000e+00
-1.000000000000000000e+00
-1.000000000000000000e+00
-1.000000000000000000e+00
7.274210000000000000e+05
-1.000000000000000000e+00
-1.000000000000000000e+00
3.979400000000000000e+04
-1.000000000000000000e+00
6.158420000000000000e+05
-1.000000000000000000e+00
-1.000000000000000000e+00
-1.000000000000000000e+00
-1.000000000000000000e+00
-1.000000000000000000e+00
-1.000000000000000000e+00
2.424630000000000000e+05
-1.000000000000000000e+00
-1.000000000000000000e+00
-1.000000000000000000e+00
-1.000000000000000000e+00
-1.000000000000000000e+00
-1.000000000000000000e+00
-1.000000000000000000e+00
-1.000000000000000000e+00
-1.000000000000000000e+00
-1.000000000000000000e+00
-1.000000000000000000e+00
-1.000000000000000000e+00
-1.000000000000000000e+00
-1.000000000000000000e+00
5.140800000000000000e+05
-1.000000000000000000e+00
1.151340000000000000e+05
-1.000000000000000000e+00
-1.000000000000000000e+00
6.936000000000000000e+05
-1.000000000000000000e+00
-1.000000000000000000e+00
-1.000000000000000000e+00
-1.000000000000000000e+00
-1.000000000000000000e+00
3.308340000000000000e+05
-1.000000000000000000e+00
-1.000000000000000000e+00
-1.000000000000000000e+00
7.237010000000000000e+05
1.727280000000000000e+05
6.840620000000000000e+05
5.446350000000000000e+05
7.737640000000000000e+05
4.705660000000000000e+05
1.933100000000000000e+05
-1.000000000000000000e+00
-1.000000000000000000e+00
-1.000000000000000000e+00
-1.000000000000000000e+00
-1.000000000000000000e+00
-1.000000000000000000e+00
-1.000000000000000000e+00
-1.000000000000000000e+00
-1.000000000000000000e+00
-1.000000000000000000e+00
-1.000000000000000000e+00
9.716260000000000000e+05
1.417410000000000000e+05
-1.000000000000000000e+00
-1.000000000000000000e+00
-1.000000000000000000e+00
-1.000000000000000000e+00
7.572770000000000000e+05
4.069860000000000000e+05
-1.000000000000000000e+00
-1.000000000000000000e+00
-1.000000000000000000e+00
-1.000000000000000000e+00
-1.000000000000000000e+00
3.058700000000000000e+04
-1.000000000000000000e+00
-1.000000000000000000e+00
-1.000000000000000000e+00
5.636600000000000000e+05
-1.000000000000000000e+00
-1.000000000000000000e+00
-1.000000000000000000e+00
-1.000000000000000000e+00
-1.000000000000000000e+00
-1.000000000000000000e+00
-1.000000000000000000e+00
-1.000000000000000000e+00
8.994380000000000000e+05
-1.000000000000000000e+00
-1.000000000000000000e+00
8.458400000000000000e+04
-1.000000000000000000e+00
7.100840000000000000e+05
4.968340000000000000e+05
-1.000000000000000000e+00
2.285880000000000000e+05
-1.000000000000000000e+00
3.335180000000000000e+05
3.702130000000000000e+05
-1.000000000000000000e+00
-1.000000000000000000e+00
7.503550000000000000e+05
-1.000000000000000000e+00
-1.000000000000000000e+00
-1.000000000000000000e+00
-1.000000000000000000e+00
7.928320000000000000e+05
-1.000000000000000000e+00
-1.000000000000000000e+00
2.743790000000000000e+05
-1.000000000000000000e+00
-1.000000000000000000e+00
-1.000000000000000000e+00
-1.000000000000000000e+00
6.837900000000000000e+04
8.708810000000000000e+05
-1.000000000000000000e+00
-1.000000000000000000e+00
-1.000000000000000000e+00
-1.000000000000000000e+00
-1.000000000000000000e+00
-1.000000000000000000e+00
2.271100000000000000e+05
-1.000000000000000000e+00
2.328000000000000000e+04
-1.000000000000000000e+00
-1.000000000000000000e+00
-1.000000000000000000e+00
-1.000000000000000000e+00
-1.000000000000000000e+00
5.347680000000000000e+05
-1.000000000000000000e+00
-1.000000000000000000e+00
-1.000000000000000000e+00
2.596770000000000000e+05
1.368500000000000000e+05
5.667710000000000000e+05
-1.000000000000000000e+00
-1.000000000000000000e+00
-1.000000000000000000e+00
-1.000000000000000000e+00
-1.000000000000000000e+00
-1.000000000000000000e+00
3.721410000000000000e+05
-1.000000000000000000e+00
-1.000000000000000000e+00
-1.000000000000000000e+00
8.938000000000000000e+05
3.496730000000000000e+05
9.831700000000000000e+05
-1.000000000000000000e+00
-1.000000000000000000e+00
-1.000000000000000000e+00
-1.000000000000000000e+00
6.888120000000000000e+05
-1.000000000000000000e+00
-1.000000000000000000e+00
5.155220000000000000e+05
-1.000000000000000000e+00
-1.000000000000000000e+00
-1.000000000000000000e+00
-1.000000000000000000e+00
6.652520000000000000e+05
-1.000000000000000000e+00
-1.000000000000000000e+00
-1.000000000000000000e+00
-1.000000000000000000e+00
-1.000000000000000000e+00
-1.000000000000000000e+00
-1.000000000000000000e+00
-1.000000000000000000e+00
-1.000000000000000000e+00
-1.000000000000000000e+00
-1.000000000000000000e+00
-1.000000000000000000e+00
-1.000000000000000000e+00
-1.000000000000000000e+00
-1.000000000000000000e+00
-1.000000000000000000e+00
-1.000000000000000000e+00
-1.000000000000000000e+00
-1.000000000000000000e+00
4.337110000000000000e+05
-1.000000000000000000e+00
9.492950000000000000e+05
-1.000000000000000000e+00
6.157910000000000000e+05
-1.000000000000000000e+00
-1.000000000000000000e+00
3.360000000000000000e+05
-1.000000000000000000e+00
-1.000000000000000000e+00
4.488500000000000000e+04
-1.000000000000000000e+00
-1.000000000000000000e+00
2.055380000000000000e+05
4.514800000000000000e+05
-1.000000000000000000e+00
-1.000000000000000000e+00
-1.000000000000000000e+00
-1.000000000000000000e+00
-1.000000000000000000e+00
-1.000000000000000000e+00
-1.000000000000000000e+00
1.204020000000000000e+05
-1.000000000000000000e+00
5.914510000000000000e+05
-1.000000000000000000e+00
8.583990000000000000e+05
4.922600000000000000e+05
2.061540000000000000e+05
-1.000000000000000000e+00
1.128000000000000000e+03
-1.000000000000000000e+00
2.076620000000000000e+05
-1.000000000000000000e+00
6.022050000000000000e+05
-1.000000000000000000e+00
-1.000000000000000000e+00
-1.000000000000000000e+00
8.382700000000000000e+05
1.749830000000000000e+05
-1.000000000000000000e+00
-1.000000000000000000e+00
-1.000000000000000000e+00
8.746400000000000000e+04
-1.000000000000000000e+00
-1.000000000000000000e+00
-1.000000000000000000e+00
1.858160000000000000e+05
-1.000000000000000000e+00
-1.000000000000000000e+00
7.766680000000000000e+05
-1.000000000000000000e+00
7.288370000000000000e+05
-1.000000000000000000e+00
-1.000000000000000000e+00
-1.000000000000000000e+00
-1.000000000000000000e+00
-1.000000000000000000e+00
2.612200000000000000e+05
-1.000000000000000000e+00
-1.000000000000000000e+00
1.016830000000000000e+05
-1.000000000000000000e+00
-1.000000000000000000e+00
-1.000000000000000000e+00
-1.000000000000000000e+00
-1.000000000000000000e+00
-1.000000000000000000e+00
1.313220000000000000e+05
-1.000000000000000000e+00
-1.000000000000000000e+00
7.529590000000000000e+05
-1.000000000000000000e+00
7.750700000000000000e+04
-1.000000000000000000e+00
2.291790000000000000e+05
-1.000000000000000000e+00
-1.000000000000000000e+00
-1.000000000000000000e+00
-1.000000000000000000e+00
7.328420000000000000e+05
-1.000000000000000000e+00
9.478340000000000000e+05
-1.000000000000000000e+00
-1.000000000000000000e+00
9.150600000000000000e+05
-1.000000000000000000e+00
-1.000000000000000000e+00
-1.000000000000000000e+00
5.428060000000000000e+05
-1.000000000000000000e+00
-1.000000000000000000e+00
-1.000000000000000000e+00
-1.000000000000000000e+00
-1.000000000000000000e+00
-1.000000000000000000e+00
-1.000000000000000000e+00
-1.000000000000000000e+00
-1.000000000000000000e+00
-1.000000000000000000e+00
6.798870000000000000e+05
-1.000000000000000000e+00
-1.000000000000000000e+00
-1.000000000000000000e+00
3.591360000000000000e+05
-1.000000000000000000e+00
-1.000000000000000000e+00
-1.000000000000000000e+00
7.398120000000000000e+05
-1.000000000000000000e+00
-1.000000000000000000e+00
-1.000000000000000000e+00
-1.000000000000000000e+00
-1.000000000000000000e+00
-1.000000000000000000e+00
-1.000000000000000000e+00
-1.000000000000000000e+00
-1.000000000000000000e+00
-1.000000000000000000e+00
-1.000000000000000000e+00
-1.000000000000000000e+00
-1.000000000000000000e+00
-1.000000000000000000e+00
-1.000000000000000000e+00
7.733190000000000000e+05
-1.000000000000000000e+00
3.535200000000000000e+04
-1.000000000000000000e+00
2.131200000000000000e+05
1.362100000000000000e+05
-1.000000000000000000e+00
-1.000000000000000000e+00
1.887530000000000000e+05
-1.000000000000000000e+00
-1.000000000000000000e+00
6.638090000000000000e+05
-1.000000000000000000e+00
-1.000000000000000000e+00
9.066600000000000000e+05
-1.000000000000000000e+00
9.839420000000000000e+05
5.349570000000000000e+05
-1.000000000000000000e+00
-1.000000000000000000e+00
-1.000000000000000000e+00
-1.000000000000000000e+00
-1.000000000000000000e+00
1.792910000000000000e+05
-1.000000000000000000e+00
8.353950000000000000e+05
2.711780000000000000e+05
-1.000000000000000000e+00
-1.000000000000000000e+00
-1.000000000000000000e+00
-1.000000000000000000e+00
-1.000000000000000000e+00
-1.000000000000000000e+00
-1.000000000000000000e+00
-1.000000000000000000e+00
-1.000000000000000000e+00
-1.000000000000000000e+00
-1.000000000000000000e+00
-1.000000000000000000e+00
-1.000000000000000000e+00
1.435490000000000000e+05
-1.000000000000000000e+00
-1.000000000000000000e+00
-1.000000000000000000e+00
-1.000000000000000000e+00
-1.000000000000000000e+00
6.838170000000000000e+05
-1.000000000000000000e+00
7.742660000000000000e+05
-1.000000000000000000e+00
-1.000000000000000000e+00
-1.000000000000000000e+00
-1.000000000000000000e+00
-1.000000000000000000e+00
8.939200000000000000e+04
3.892600000000000000e+04
8.266710000000000000e+05
-1.000000000000000000e+00
-1.000000000000000000e+00
2.112730000000000000e+05
1.512610000000000000e+05
-1.000000000000000000e+00
-1.000000000000000000e+00
-1.000000000000000000e+00
-1.000000000000000000e+00
-1.000000000000000000e+00
-1.000000000000000000e+00
-1.000000000000000000e+00
-1.000000000000000000e+00
-1.000000000000000000e+00
-1.000000000000000000e+00
-1.000000000000000000e+00
-1.000000000000000000e+00
-1.000000000000000000e+00
-1.000000000000000000e+00
-1.000000000000000000e+00
-1.000000000000000000e+00
-1.000000000000000000e+00
-1.000000000000000000e+00
-1.000000000000000000e+00
-1.000000000000000000e+00
4.448000000000000000e+05
-1.000000000000000000e+00
4.188000000000000000e+05
-1.000000000000000000e+00
-1.000000000000000000e+00
-1.000000000000000000e+00
5.276750000000000000e+05
-1.000000000000000000e+00
-1.000000000000000000e+00
-1.000000000000000000e+00
3.207010000000000000e+05
-1.000000000000000000e+00
-1.000000000000000000e+00
-1.000000000000000000e+00
-1.000000000000000000e+00
-1.000000000000000000e+00
-1.000000000000000000e+00
1.155570000000000000e+05
-1.000000000000000000e+00
3.870560000000000000e+05
-1.000000000000000000e+00
9.870800000000000000e+04
3.789190000000000000e+05
-1.000000000000000000e+00
-1.000000000000000000e+00
-1.000000000000000000e+00
6.013490000000000000e+05
-1.000000000000000000e+00
6.891800000000000000e+04
-1.000000000000000000e+00
-1.000000000000000000e+00
-1.000000000000000000e+00
-1.000000000000000000e+00
-1.000000000000000000e+00
7.753950000000000000e+05
-1.000000000000000000e+00
-1.000000000000000000e+00
-1.000000000000000000e+00
-1.000000000000000000e+00
5.463970000000000000e+05
7.570570000000000000e+05
6.272610000000000000e+05
7.004000000000000000e+03
-1.000000000000000000e+00
-1.000000000000000000e+00
-1.000000000000000000e+00
-1.000000000000000000e+00
-1.000000000000000000e+00
1.469200000000000000e+05
-1.000000000000000000e+00
-1.000000000000000000e+00
8.235270000000000000e+05
6.271680000000000000e+05
6.119660000000000000e+05
-1.000000000000000000e+00
-1.000000000000000000e+00
-1.000000000000000000e+00
5.409790000000000000e+05
9.507100000000000000e+04
7.113200000000000000e+04
-1.000000000000000000e+00
-1.000000000000000000e+00
6.663690000000000000e+05
-1.000000000000000000e+00
7.052470000000000000e+05
-1.000000000000000000e+00
-1.000000000000000000e+00
2.350200000000000000e+04
7.203060000000000000e+05
9.829040000000000000e+05
-1.000000000000000000e+00
2.206860000000000000e+05
-1.000000000000000000e+00
-1.000000000000000000e+00
-1.000000000000000000e+00
-1.000000000000000000e+00
-1.000000000000000000e+00
-1.000000000000000000e+00
-1.000000000000000000e+00
4.613550000000000000e+05
-1.000000000000000000e+00
4.268200000000000000e+05
-1.000000000000000000e+00
4.067440000000000000e+05
-1.000000000000000000e+00
-1.000000000000000000e+00
-1.000000000000000000e+00
-1.000000000000000000e+00
8.621160000000000000e+05
-1.000000000000000000e+00
-1.000000000000000000e+00
-1.000000000000000000e+00
-1.000000000000000000e+00
-1.000000000000000000e+00
-1.000000000000000000e+00
4.443220000000000000e+05
1.487620000000000000e+05
9.861370000000000000e+05
9.516890000000000000e+05
-1.000000000000000000e+00
8.853940000000000000e+05
-1.000000000000000000e+00
-1.000000000000000000e+00
-1.000000000000000000e+00
1.138010000000000000e+05
-1.000000000000000000e+00
-1.000000000000000000e+00
-1.000000000000000000e+00
-1.000000000000000000e+00
-1.000000000000000000e+00
-1.000000000000000000e+00
-1.000000000000000000e+00
-1.000000000000000000e+00
-1.000000000000000000e+00
4.799240000000000000e+05
-1.000000000000000000e+00
-1.000000000000000000e+00
2.660150000000000000e+05
-1.000000000000000000e+00
3.598510000000000000e+05
-1.000000000000000000e+00
-1.000000000000000000e+00
-1.000000000000000000e+00
3.838230000000000000e+05
4.454070000000000000e+05
-1.000000000000000000e+00
9.916800000000000000e+05
-1.000000000000000000e+00
-1.000000000000000000e+00
-1.000000000000000000e+00
-1.000000000000000000e+00
8.176480000000000000e+05
-1.000000000000000000e+00
9.992330000000000000e+05
-1.000000000000000000e+00
2.372100000000000000e+05
1.361730000000000000e+05
-1.000000000000000000e+00
-1.000000000000000000e+00
-1.000000000000000000e+00
-1.000000000000000000e+00
-1.000000000000000000e+00
-1.000000000000000000e+00
-1.000000000000000000e+00
1.807650000000000000e+05
-1.000000000000000000e+00
3.680730000000000000e+05
8.876760000000000000e+05
7.743250000000000000e+05
-1.000000000000000000e+00
-1.000000000000000000e+00
-1.000000000000000000e+00
-1.000000000000000000e+00
-1.000000000000000000e+00
-1.000000000000000000e+00
-1.000000000000000000e+00
-1.000000000000000000e+00
5.090900000000000000e+05
5.613440000000000000e+05
-1.000000000000000000e+00
-1.000000000000000000e+00
8.554710000000000000e+05
-1.000000000000000000e+00
6.024760000000000000e+05
8.907470000000000000e+05
6.174200000000000000e+05
-1.000000000000000000e+00
-1.000000000000000000e+00
-1.000000000000000000e+00
-1.000000000000000000e+00
-1.000000000000000000e+00
7.049350000000000000e+05
-1.000000000000000000e+00
-1.000000000000000000e+00
-1.000000000000000000e+00
5.048550000000000000e+05
-1.000000000000000000e+00
7.696570000000000000e+05
-1.000000000000000000e+00
-1.000000000000000000e+00
-1.000000000000000000e+00
-1.000000000000000000e+00
3.403680000000000000e+05
5.053340000000000000e+05
1.872710000000000000e+05
-1.000000000000000000e+00
-1.000000000000000000e+00
-1.000000000000000000e+00
-1.000000000000000000e+00
-1.000000000000000000e+00
3.911870000000000000e+05
1.291050000000000000e+05
-1.000000000000000000e+00
-1.000000000000000000e+00
1.657280000000000000e+05
-1.000000000000000000e+00
-1.000000000000000000e+00
9.280530000000000000e+05
1.951270000000000000e+05
-1.000000000000000000e+00
3.198530000000000000e+05
-1.000000000000000000e+00
3.099100000000000000e+05
-1.000000000000000000e+00
2.642650000000000000e+05
-1.000000000000000000e+00
5.915370000000000000e+05
-1.000000000000000000e+00
8.926990000000000000e+05
-1.000000000000000000e+00
-1.000000000000000000e+00
-1.000000000000000000e+00
-1.000000000000000000e+00
-1.000000000000000000e+00
-1.000000000000000000e+00
-1.000000000000000000e+00
-1.000000000000000000e+00
2.538020000000000000e+05
-1.000000000000000000e+00
-1.000000000000000000e+00
-1.000000000000000000e+00
-1.000000000000000000e+00
-1.000000000000000000e+00
-1.000000000000000000e+00
-1.000000000000000000e+00
-1.000000000000000000e+00
-1.000000000000000000e+00
-1.000000000000000000e+00
1.459820000000000000e+05
7.943150000000000000e+05
-1.000000000000000000e+00
-1.000000000000000000e+00
-1.000000000000000000e+00
-1.000000000000000000e+00
-1.000000000000000000e+00
-1.000000000000000000e+00
-1.000000000000000000e+00
-1.000000000000000000e+00
-1.000000000000000000e+00
-1.000000000000000000e+00
-1.000000000000000000e+00
-1.000000000000000000e+00
8.503220000000000000e+05
-1.000000000000000000e+00
-1.000000000000000000e+00
-1.000000000000000000e+00
-1.000000000000000000e+00
-1.000000000000000000e+00
-1.000000000000000000e+00
5.086300000000000000e+04
6.011080000000000000e+05
-1.000000000000000000e+00
-1.000000000000000000e+00
8.418110000000000000e+05
-1.000000000000000000e+00
-1.000000000000000000e+00
-1.000000000000000000e+00
7.250880000000000000e+05
-1.000000000000000000e+00
-1.000000000000000000e+00
-1.000000000000000000e+00
7.232400000000000000e+05
-1.000000000000000000e+00
-1.000000000000000000e+00
-1.000000000000000000e+00
-1.000000000000000000e+00
-1.000000000000000000e+00
8.713740000000000000e+05
-1.000000000000000000e+00
-1.000000000000000000e+00
-1.000000000000000000e+00
-1.000000000000000000e+00
-1.000000000000000000e+00
-1.000000000000000000e+00
-1.000000000000000000e+00
1.324300000000000000e+04
-1.000000000000000000e+00
-1.000000000000000000e+00
-1.000000000000000000e+00
-1.000000000000000000e+00
-1.000000000000000000e+00
-1.000000000000000000e+00
-1.000000000000000000e+00
5.469060000000000000e+05
-1.000000000000000000e+00
-1.000000000000000000e+00
-1.000000000000000000e+00
-1.000000000000000000e+00
-1.000000000000000000e+00
-1.000000000000000000e+00
-1.000000000000000000e+00
-1.000000000000000000e+00
7.706300000000000000e+04
-1.000000000000000000e+00
-1.000000000000000000e+00
-1.000000000000000000e+00
-1.000000000000000000e+00
-1.000000000000000000e+00
-1.000000000000000000e+00
-1.000000000000000000e+00
-1.000000000000000000e+00
-1.000000000000000000e+00
-1.000000000000000000e+00
-1.000000000000000000e+00
2.782700000000000000e+05
-1.000000000000000000e+00
-1.000000000000000000e+00
-1.000000000000000000e+00
9.182070000000000000e+05
-1.000000000000000000e+00
-1.000000000000000000e+00
-1.000000000000000000e+00
-1.000000000000000000e+00
-1.000000000000000000e+00
-1.000000000000000000e+00
-1.000000000000000000e+00
-1.000000000000000000e+00
1.299210000000000000e+05
-1.000000000000000000e+00
-1.000000000000000000e+00
-1.000000000000000000e+00
2.870380000000000000e+05
2.964500000000000000e+05
-1.000000000000000000e+00
7.492700000000000000e+04
7.574610000000000000e+05
-1.000000000000000000e+00
-1.000000000000000000e+00
-1.000000000000000000e+00
9.203380000000000000e+05
6.775630000000000000e+05
-1.000000000000000000e+00
-1.000000000000000000e+00
-1.000000000000000000e+00
-1.000000000000000000e+00
-1.000000000000000000e+00
7.183780000000000000e+05
-1.000000000000000000e+00
-1.000000000000000000e+00
3.439370000000000000e+05
4.054860000000000000e+05
-1.000000000000000000e+00
-1.000000000000000000e+00
-1.000000000000000000e+00
-1.000000000000000000e+00
-1.000000000000000000e+00
-1.000000000000000000e+00
2.616390000000000000e+05
-1.000000000000000000e+00
-1.000000000000000000e+00
-1.000000000000000000e+00
-1.000000000000000000e+00
-1.000000000000000000e+00
-1.000000000000000000e+00
6.545040000000000000e+05
8.329140000000000000e+05
4.939970000000000000e+05
-1.000000000000000000e+00
4.786900000000000000e+05
-1.000000000000000000e+00
-1.000000000000000000e+00
-1.000000000000000000e+00
-1.000000000000000000e+00
-1.000000000000000000e+00
-1.000000000000000000e+00
-1.000000000000000000e+00
-1.000000000000000000e+00
-1.000000000000000000e+00
-1.000000000000000000e+00
-1.000000000000000000e+00
-1.000000000000000000e+00
8.139980000000000000e+05
2.495730000000000000e+05
-1.000000000000000000e+00
2.525160000000000000e+05
2.053390000000000000e+05
-1.000000000000000000e+00
-1.000000000000000000e+00
-1.000000000000000000e+00
-1.000000000000000000e+00
1.152550000000000000e+05
-1.000000000000000000e+00
-1.000000000000000000e+00
1.771220000000000000e+05
-1.000000000000000000e+00
-1.000000000000000000e+00
-1.000000000000000000e+00
-1.000000000000000000e+00
-1.000000000000000000e+00
-1.000000000000000000e+00
-1.000000000000000000e+00
-1.000000000000000000e+00
2.807300000000000000e+04
-1.000000000000000000e+00
-1.000000000000000000e+00
-1.000000000000000000e+00
-1.000000000000000000e+00
-1.000000000000000000e+00
-1.000000000000000000e+00
-1.000000000000000000e+00
-1.000000000000000000e+00
-1.000000000000000000e+00
-1.000000000000000000e+00
5.799280000000000000e+05
-1.000000000000000000e+00
-1.000000000000000000e+00
2.309350000000000000e+05
-1.000000000000000000e+00
-1.000000000000000000e+00
-1.000000000000000000e+00
3.060840000000000000e+05
-1.000000000000000000e+00
-1.000000000000000000e+00
-1.000000000000000000e+00
-1.000000000000000000e+00
-1.000000000000000000e+00
-1.000000000000000000e+00
-1.000000000000000000e+00
-1.000000000000000000e+00
-1.000000000000000000e+00
-1.000000000000000000e+00
-1.000000000000000000e+00
-1.000000000000000000e+00
-1.000000000000000000e+00
-1.000000000000000000e+00
-1.000000000000000000e+00
1.097680000000000000e+05
6.565200000000000000e+04
-1.000000000000000000e+00
8.129710000000000000e+05
-1.000000000000000000e+00
2.503490000000000000e+05
-1.000000000000000000e+00
-1.000000000000000000e+00
-1.000000000000000000e+00
5.462200000000000000e+05
-1.000000000000000000e+00
1.770730000000000000e+05
-1.000000000000000000e+00
-1.000000000000000000e+00
-1.000000000000000000e+00
-1.000000000000000000e+00
-1.000000000000000000e+00
-1.000000000000000000e+00
8.439700000000000000e+05
1.404540000000000000e+05
-1.000000000000000000e+00
2.088460000000000000e+05
-1.000000000000000000e+00
8.325010000000000000e+05
-1.000000000000000000e+00
-1.000000000000000000e+00
9.730800000000000000e+04
-1.000000000000000000e+00
-1.000000000000000000e+00
8.514230000000000000e+05
-1.000000000000000000e+00
-1.000000000000000000e+00
-1.000000000000000000e+00
-1.000000000000000000e+00
9.438860000000000000e+05
6.185750000000000000e+05
-1.000000000000000000e+00
2.539650000000000000e+05
-1.000000000000000000e+00
-1.000000000000000000e+00
-1.000000000000000000e+00
-1.000000000000000000e+00
-1.000000000000000000e+00
-1.000000000000000000e+00
8.068800000000000000e+04
-1.000000000000000000e+00
-1.000000000000000000e+00
-1.000000000000000000e+00
9.278850000000000000e+05
2.975110000000000000e+05
-1.000000000000000000e+00
6.916240000000000000e+05
-1.000000000000000000e+00
-1.000000000000000000e+00
-1.000000000000000000e+00
6.481250000000000000e+05
-1.000000000000000000e+00
-1.000000000000000000e+00
-1.000000000000000000e+00
7.877090000000000000e+05
-1.000000000000000000e+00
-1.000000000000000000e+00
-1.000000000000000000e+00
-1.000000000000000000e+00
3.769090000000000000e+05
-1.000000000000000000e+00
-1.000000000000000000e+00
-1.000000000000000000e+00
-1.000000000000000000e+00
-1.000000000000000000e+00
-1.000000000000000000e+00
-1.000000000000000000e+00
-1.000000000000000000e+00
-1.000000000000000000e+00
-1.000000000000000000e+00
-1.000000000000000000e+00
-1.000000000000000000e+00
-1.000000000000000000e+00
-1.000000000000000000e+00
3.280680000000000000e+05
-1.000000000000000000e+00
1.583000000000000000e+03
-1.000000000000000000e+00
-1.000000000000000000e+00
-1.000000000000000000e+00
1.920500000000000000e+05
1.037960000000000000e+05
-1.000000000000000000e+00
-1.000000000000000000e+00
9.471500000000000000e+05
-1.000000000000000000e+00
-1.000000000000000000e+00
-1.000000000000000000e+00
-1.000000000000000000e+00
9.850210000000000000e+05
-1.000000000000000000e+00
-1.000000000000000000e+00
