# (grid_size, q, alpha, t_max, runs) = (30, 0.3701, 0.414, 1000000, 1000)
1.174200000000000000e+04
5.876700000000000000e+04
1.330770000000000000e+05
8.105300000000000000e+04
1.312270000000000000e+05
1.395110000000000000e+05
4.620300000000000000e+04
3.326870000000000000e+05
1.308830000000000000e+05
7.359900000000000000e+04
2.881100000000000000e+04
2.253930000000000000e+05
1.061900000000000000e+04
4.917700000000000000e+04
8.662000000000000000e+04
1.161700000000000000e+04
2.351370000000000000e+05
1.453430000000000000e+05
1.017780000000000000e+05
1.471220000000000000e+05
1.352400000000000000e+05
1.854090000000000000e+05
1.907200000000000000e+04
1.544130000000000000e+05
1.502390000000000000e+05
1.852760000000000000e+05
2.145830000000000000e+05
7.633000000000000000e+04
2.436600000000000000e+04
1.060100000000000000e+04
7.697300000000000000e+04
3.116900000000000000e+04
1.649860000000000000e+05
4.752500000000000000e+04
1.396550000000000000e+05
1.060600000000000000e+04
3.056000000000000000e+04
9.845200000000000000e+04
6.309800000000000000e+04
6.204320000000000000e+05
2.375300000000000000e+04
7.952190000000000000e+05
2.618300000000000000e+04
7.131500000000000000e+04
3.828120000000000000e+05
1.325710000000000000e+05
3.794100000000000000e+04
2.649500000000000000e+04
4.525200000000000000e+04
2.876000000000000000e+03
1.816620000000000000e+05
2.866380000000000000e+05
2.227700000000000000e+04
2.287000000000000000e+05
8.243100000000000000e+04
1.250590000000000000e+05
1.097580000000000000e+05
3.066050000000000000e+05
4.957860000000000000e+05
1.309300000000000000e+04
3.107300000000000000e+04
3.275470000000000000e+05
2.783300000000000000e+04
1.589430000000000000e+05
2.803150000000000000e+05
5.323400000000000000e+05
3.821400000000000000e+04
1.187800000000000000e+05
1.668350000000000000e+05
1.039100000000000000e+04
3.010000000000000000e+02
6.455350000000000000e+05
2.522100000000000000e+04
9.929300000000000000e+04
3.699000000000000000e+03
1.554600000000000000e+05
1.175630000000000000e+05
8.134300000000000000e+04
2.483290000000000000e+05
1.461700000000000000e+04
4.847700000000000000e+04
2.496530000000000000e+05
3.285700000000000000e+04
1.183760000000000000e+05
7.221100000000000000e+04
8.448000000000000000e+03
7.929300000000000000e+04
2.292700000000000000e+04
2.128300000000000000e+05
5.919100000000000000e+04
1.291500000000000000e+04
1.023500000000000000e+04
8.209700000000000000e+04
3.798500000000000000e+04
9.551700000000000000e+04
1.335800000000000000e+04
1.152030000000000000e+05
2.988800000000000000e+05
7.098400000000000000e+04
1.081460000000000000e+05
6.159000000000000000e+03
4.478600000000000000e+04
1.476000000000000000e+05
1.693710000000000000e+05
1.095600000000000000e+05
4.051000000000000000e+03
1.448920000000000000e+05
4.316400000000000000e+04
3.012800000000000000e+04
2.966800000000000000e+04
1.580500000000000000e+05
1.246990000000000000e+05
3.839500000000000000e+04
1.386890000000000000e+05
3.720710000000000000e+05
4.084000000000000000e+03
9.100600000000000000e+04
1.963390000000000000e+05
3.706100000000000000e+04
1.594700000000000000e+04
1.121150000000000000e+05
2.005770000000000000e+05
1.066540000000000000e+05
2.550550000000000000e+05
1.411330000000000000e+05
4.564300000000000000e+04
5.534500000000000000e+04
5.511480000000000000e+05
7.715600000000000000e+04
3.050000000000000000e+02
1.392300000000000000e+04
1.001030000000000000e+05
8.269400000000000000e+04
2.055560000000000000e+05
4.549600000000000000e+04
4.058500000000000000e+04
4.036750000000000000e+05
8.298400000000000000e+04
4.526000000000000000e+04
4.156000000000000000e+03
9.350000000000000000e+02
6.426800000000000000e+04
8.365300000000000000e+04
4.540500000000000000e+04
6.759300000000000000e+04
2.826500000000000000e+04
2.254770000000000000e+05
1.551120000000000000e+05
6.713100000000000000e+04
1.075480000000000000e+05
1.875700000000000000e+04
8.623900000000000000e+04
7.025100000000000000e+04
1.159500000000000000e+04
6.252000000000000000e+03
2.970000000000000000e+02
5.706900000000000000e+04
2.572210000000000000e+05
4.056600000000000000e+04
1.559170000000000000e+05
2.441850000000000000e+05
1.347840000000000000e+05
2.508870000000000000e+05
8.160900000000000000e+04
3.995280000000000000e+05
9.540900000000000000e+04
8.728500000000000000e+04
6.389200000000000000e+04
6.693700000000000000e+04
1.330310000000000000e+05
1.552820000000000000e+05
1.641140000000000000e+05
6.537000000000000000e+04
1.770430000000000000e+05
1.817720000000000000e+05
7.948800000000000000e+04
3.225600000000000000e+04
1.353120000000000000e+05
3.877320000000000000e+05
1.068240000000000000e+05
1.973580000000000000e+05
2.588900000000000000e+04
1.248270000000000000e+05
1.718680000000000000e+05
7.366500000000000000e+04
8.975000000000000000e+03
3.405200000000000000e+04
1.606680000000000000e+05
3.457700000000000000e+04
5.915800000000000000e+04
2.959400000000000000e+04
3.236100000000000000e+05
2.626600000000000000e+04
3.036760000000000000e+05
3.144880000000000000e+05
3.885900000000000000e+04
1.631150000000000000e+05
3.827560000000000000e+05
2.695450000000000000e+05
1.076000000000000000e+04
6.795300000000000000e+04
3.292940000000000000e+05
9.010800000000000000e+04
2.732890000000000000e+05
1.415420000000000000e+05
4.171500000000000000e+04
1.300700000000000000e+04
8.649800000000000000e+04
2.242100000000000000e+04
2.097530000000000000e+05
1.178060000000000000e+05
5.562300000000000000e+04
8.651600000000000000e+04
2.202100000000000000e+04
4.270800000000000000e+04
7.152100000000000000e+04
3.669000000000000000e+03
7.711900000000000000e+04
1.706070000000000000e+05
1.065650000000000000e+05
1.789510000000000000e+05
6.039500000000000000e+04
6.605700000000000000e+04
7.885700000000000000e+04
3.394910000000000000e+05
6.229400000000000000e+04
3.827000000000000000e+04
8.901000000000000000e+03
3.115570000000000000e+05
1.755780000000000000e+05
1.661950000000000000e+05
5.659000000000000000e+03
1.947040000000000000e+05
3.628640000000000000e+05
4.902600000000000000e+05
3.690150000000000000e+05
3.174300000000000000e+04
6.126800000000000000e+04
2.896380000000000000e+05
2.757570000000000000e+05
4.180000000000000000e+02
3.876500000000000000e+04
2.866800000000000000e+04
6.529100000000000000e+04
2.716100000000000000e+04
1.779280000000000000e+05
4.744800000000000000e+04
1.548100000000000000e+04
1.005490000000000000e+05
4.047230000000000000e+05
6.963300000000000000e+04
1.962300000000000000e+04
1.082790000000000000e+05
3.206140000000000000e+05
1.248680000000000000e+05
1.482600000000000000e+04
2.038360000000000000e+05
3.000530000000000000e+05
1.323940000000000000e+05
8.315500000000000000e+04
2.270900000000000000e+04
1.088410000000000000e+05
4.364100000000000000e+04
6.937000000000000000e+03
4.655000000000000000e+05
8.999800000000000000e+04
1.012950000000000000e+05
5.059700000000000000e+04
1.288570000000000000e+05
2.670000000000000000e+04
5.569000000000000000e+03
5.282100000000000000e+04
4.015690000000000000e+05
1.707810000000000000e+05
1.346390000000000000e+05
7.007800000000000000e+04
1.397220000000000000e+05
1.358260000000000000e+05
1.796400000000000000e+04
3.050200000000000000e+04
4.956600000000000000e+04
7.510200000000000000e+04
2.980400000000000000e+04
6.545200000000000000e+04
6.488800000000000000e+04
5.292100000000000000e+04
1.582700000000000000e+04
6.360000000000000000e+02
9.378000000000000000e+03
5.050800000000000000e+05
1.043300000000000000e+05
1.307960000000000000e+05
2.601000000000000000e+04
2.170020000000000000e+05
1.104430000000000000e+05
1.052700000000000000e+04
6.101100000000000000e+04
9.099000000000000000e+03
3.458140000000000000e+05
7.011700000000000000e+04
2.545640000000000000e+05
2.938200000000000000e+04
4.728900000000000000e+04
1.826210000000000000e+05
1.595500000000000000e+05
3.916360000000000000e+05
1.708700000000000000e+04
1.192260000000000000e+05
3.446800000000000000e+04
4.662400000000000000e+04
4.772540000000000000e+05
4.406700000000000000e+05
1.250040000000000000e+05
6.752200000000000000e+04
2.393250000000000000e+05
7.948200000000000000e+04
4.084380000000000000e+05
7.105700000000000000e+04
1.674940000000000000e+05
2.406000000000000000e+04
6.740300000000000000e+04
6.118100000000000000e+04
2.420100000000000000e+04
3.399200000000000000e+04
1.273700000000000000e+04
1.668200000000000000e+05
9.475520000000000000e+05
8.663900000000000000e+04
1.800650000000000000e+05
4.645500000000000000e+04
1.307220000000000000e+05
1.544400000000000000e+04
1.074510000000000000e+05
1.449200000000000000e+05
5.691700000000000000e+04
3.891000000000000000e+03
1.580610000000000000e+05
5.673200000000000000e+04
1.580400000000000000e+04
6.875000000000000000e+04
2.028750000000000000e+05
4.117500000000000000e+04
2.628420000000000000e+05
1.105580000000000000e+05
1.314500000000000000e+05
6.394300000000000000e+04
1.971800000000000000e+04
1.069520000000000000e+05
1.611570000000000000e+05
6.524500000000000000e+04
5.823610000000000000e+05
1.364100000000000000e+04
1.199800000000000000e+04
9.480800000000000000e+04
3.892300000000000000e+04
5.910600000000000000e+04
1.812300000000000000e+04
1.702780000000000000e+05
3.503170000000000000e+05
2.545110000000000000e+05
2.104830000000000000e+05
2.378100000000000000e+04
1.205590000000000000e+05
1.882300000000000000e+04
1.364100000000000000e+04
3.722450000000000000e+05
1.576130000000000000e+05
1.926140000000000000e+05
1.941170000000000000e+05
6.510500000000000000e+04
4.442600000000000000e+04
1.981280000000000000e+05
1.005550000000000000e+05
9.130400000000000000e+04
4.413900000000000000e+04
5.216000000000000000e+04
9.282800000000000000e+04
1.049200000000000000e+04
1.224400000000000000e+05
4.635000000000000000e+04
2.534800000000000000e+04
2.405900000000000000e+04
3.666130000000000000e+05
1.874710000000000000e+05
1.289650000000000000e+05
4.600000000000000000e+02
1.948000000000000000e+05
3.863430000000000000e+05
1.903210000000000000e+05
-1.000000000000000000e+00
5.862000000000000000e+04
5.216200000000000000e+04
3.029600000000000000e+04
1.831120000000000000e+05
1.465800000000000000e+04
1.743640000000000000e+05
2.644140000000000000e+05
6.890000000000000000e+02
2.603280000000000000e+05
4.552000000000000000e+04
7.463000000000000000e+04
4.421200000000000000e+04
6.784000000000000000e+03
1.789460000000000000e+05
8.203900000000000000e+04
1.368800000000000000e+04
2.582630000000000000e+05
8.568100000000000000e+04
3.287320000000000000e+05
4.396960000000000000e+05
6.387400000000000000e+04
1.111100000000000000e+04
2.394400000000000000e+04
2.595630000000000000e+05
1.103230000000000000e+05
3.408500000000000000e+05
1.693160000000000000e+05
4.573670000000000000e+05
1.477090000000000000e+05
8.874100000000000000e+04
7.735200000000000000e+04
5.044810000000000000e+05
1.257020000000000000e+05
9.151600000000000000e+04
2.139590000000000000e+05
3.837600000000000000e+04
1.159480000000000000e+05
2.635880000000000000e+05
1.041100000000000000e+04
1.666100000000000000e+04
6.845500000000000000e+04
7.326700000000000000e+04
6.660890000000000000e+05
4.174400000000000000e+04
3.926700000000000000e+04
1.189280000000000000e+05
3.299800000000000000e+04
4.085000000000000000e+03
1.053900000000000000e+04
3.356650000000000000e+05
2.669700000000000000e+04
2.010990000000000000e+05
5.272000000000000000e+03
6.409100000000000000e+04
1.568780000000000000e+05
4.726560000000000000e+05
1.879970000000000000e+05
9.041700000000000000e+04
9.669200000000000000e+04
6.772700000000000000e+04
3.624460000000000000e+05
1.330590000000000000e+05
4.514500000000000000e+04
8.341200000000000000e+04
3.612000000000000000e+03
1.722570000000000000e+05
6.488200000000000000e+04
3.775300000000000000e+04
1.591010000000000000e+05
5.064000000000000000e+04
4.751800000000000000e+04
8.620700000000000000e+04
5.837200000000000000e+04
2.707840000000000000e+05
5.735000000000000000e+04
3.130460000000000000e+05
7.625300000000000000e+04
1.304910000000000000e+05
2.271900000000000000e+05
4.608500000000000000e+04
7.476000000000000000e+03
4.091500000000000000e+05
1.169700000000000000e+04
4.731000000000000000e+03
1.828000000000000000e+03
6.211300000000000000e+04
6.365200000000000000e+04
8.207000000000000000e+04
1.086600000000000000e+04
4.656000000000000000e+04
2.443000000000000000e+03
4.199300000000000000e+04
5.399800000000000000e+04
7.325200000000000000e+04
2.219500000000000000e+04
2.930900000000000000e+04
5.097600000000000000e+04
6.361800000000000000e+04
3.307700000000000000e+04
6.387000000000000000e+03
2.185310000000000000e+05
7.313000000000000000e+03
1.706000000000000000e+03
7.551200000000000000e+04
8.257900000000000000e+04
8.386000000000000000e+03
1.947890000000000000e+05
3.825600000000000000e+04
5.881600000000000000e+04
3.355820000000000000e+05
1.395900000000000000e+04
2.086880000000000000e+05
7.692600000000000000e+04
3.564400000000000000e+04
1.630780000000000000e+05
2.001500000000000000e+05
9.892100000000000000e+04
1.869230000000000000e+05
6.739400000000000000e+04
1.520450000000000000e+05
2.492000000000000000e+03
6.704200000000000000e+04
2.812400000000000000e+04
8.025200000000000000e+04
1.948000000000000000e+03
1.827770000000000000e+05
2.196430000000000000e+05
7.771100000000000000e+04
1.447530000000000000e+05
2.743100000000000000e+04
2.853570000000000000e+05
1.679960000000000000e+05
2.715730000000000000e+05
3.768800000000000000e+04
7.943000000000000000e+03
2.679550000000000000e+05
2.086300000000000000e+04
7.964000000000000000e+04
1.717000000000000000e+03
1.761680000000000000e+05
5.340100000000000000e+04
3.766500000000000000e+04
2.460000000000000000e+04
1.227200000000000000e+05
1.644260000000000000e+05
1.983610000000000000e+05
2.163260000000000000e+05
1.656180000000000000e+05
6.387900000000000000e+04
1.755350000000000000e+05
9.402700000000000000e+04
1.857110000000000000e+05
5.991700000000000000e+04
1.117920000000000000e+05
1.516270000000000000e+05
9.473800000000000000e+04
3.019100000000000000e+04
6.317300000000000000e+04
3.747200000000000000e+04
9.646000000000000000e+03
1.968000000000000000e+04
1.743700000000000000e+04
7.514000000000000000e+03
4.809800000000000000e+04
8.059000000000000000e+03
5.637700000000000000e+04
8.746000000000000000e+04
1.737690000000000000e+05
2.154460000000000000e+05
1.891190000000000000e+05
1.948280000000000000e+05
7.654700000000000000e+04
1.193980000000000000e+05
1.581900000000000000e+04
1.093340000000000000e+05
7.313400000000000000e+04
5.998600000000000000e+04
4.527900000000000000e+04
2.452000000000000000e+04
8.127000000000000000e+03
3.119170000000000000e+05
1.019150000000000000e+05
1.678120000000000000e+05
1.260170000000000000e+05
1.708000000000000000e+03
6.709500000000000000e+04
2.099400000000000000e+04
1.966000000000000000e+04
1.565950000000000000e+05
2.482900000000000000e+04
1.181000000000000000e+04
3.884200000000000000e+04
4.488700000000000000e+04
2.162300000000000000e+04
9.427300000000000000e+04
1.624170000000000000e+05
1.258260000000000000e+05
4.900000000000000000e+04
1.271460000000000000e+05
1.769710000000000000e+05
1.973170000000000000e+05
2.555410000000000000e+05
6.648500000000000000e+04
1.977800000000000000e+04
3.917010000000000000e+05
1.537020000000000000e+05
1.204390000000000000e+05
1.732980000000000000e+05
6.553800000000000000e+04
2.228960000000000000e+05
5.570000000000000000e+03
7.817200000000000000e+04
6.153100000000000000e+04
8.390600000000000000e+04
4.049500000000000000e+04
1.294200000000000000e+04
1.794180000000000000e+05
1.567890000000000000e+05
1.098860000000000000e+05
2.732830000000000000e+05
1.619130000000000000e+05
3.851200000000000000e+04
2.542770000000000000e+05
2.896100000000000000e+04
1.037790000000000000e+05
5.611800000000000000e+04
1.639100000000000000e+04
3.733800000000000000e+04
2.980190000000000000e+05
1.878030000000000000e+05
1.429700000000000000e+04
1.871330000000000000e+05
1.179570000000000000e+05
2.709000000000000000e+04
4.322900000000000000e+04
1.099250000000000000e+05
3.542200000000000000e+04
9.245700000000000000e+04
1.321700000000000000e+04
9.391000000000000000e+03
7.543000000000000000e+03
3.351150000000000000e+05
6.055600000000000000e+04
5.521700000000000000e+04
5.172800000000000000e+04
7.444000000000000000e+04
8.002800000000000000e+04
6.571500000000000000e+04
3.320300000000000000e+04
4.074870000000000000e+05
1.603000000000000000e+04
7.277700000000000000e+04
3.739400000000000000e+04
5.701200000000000000e+04
5.826500000000000000e+04
6.273500000000000000e+04
1.568720000000000000e+05
4.437500000000000000e+04
2.634200000000000000e+05
3.347700000000000000e+05
4.050100000000000000e+04
3.254600000000000000e+04
1.430510000000000000e+05
2.011160000000000000e+05
1.863800000000000000e+04
6.670600000000000000e+04
2.261190000000000000e+05
9.611500000000000000e+04
9.878600000000000000e+04
1.011220000000000000e+05
2.786220000000000000e+05
1.850210000000000000e+05
2.448200000000000000e+04
1.904390000000000000e+05
8.767200000000000000e+04
1.849860000000000000e+05
1.200300000000000000e+05
2.027300000000000000e+04
2.691100000000000000e+04
1.147060000000000000e+05
2.840990000000000000e+05
1.815400000000000000e+04
1.909400000000000000e+04
6.402640000000000000e+05
1.138890000000000000e+05
2.085080000000000000e+05
6.346790000000000000e+05
2.506520000000000000e+05
6.285900000000000000e+04
9.763800000000000000e+04
3.316500000000000000e+04
3.408890000000000000e+05
1.776240000000000000e+05
2.318960000000000000e+05
7.898010000000000000e+05
1.876900000000000000e+05
1.232800000000000000e+05
1.222310000000000000e+05
3.259250000000000000e+05
4.164300000000000000e+04
1.907680000000000000e+05
1.123590000000000000e+05
3.718500000000000000e+04
6.820000000000000000e+04
5.494000000000000000e+03
1.304380000000000000e+05
1.249800000000000000e+04
1.409200000000000000e+04
1.547650000000000000e+05
2.705300000000000000e+04
5.067200000000000000e+04
5.795600000000000000e+04
1.251340000000000000e+05
2.253550000000000000e+05
1.289890000000000000e+05
3.955800000000000000e+04
3.071700000000000000e+04
1.125710000000000000e+05
1.506600000000000000e+04
2.833670000000000000e+05
6.483200000000000000e+04
2.145800000000000000e+04
8.563300000000000000e+04
2.101800000000000000e+04
2.476600000000000000e+04
8.804500000000000000e+04
2.540400000000000000e+04
1.503680000000000000e+05
1.201140000000000000e+05
2.594000000000000000e+03
1.528000000000000000e+04
8.878300000000000000e+04
5.091000000000000000e+03
8.225500000000000000e+04
1.084770000000000000e+05
2.635600000000000000e+04
2.310900000000000000e+04
3.563400000000000000e+04
2.300730000000000000e+05
2.751790000000000000e+05
2.053200000000000000e+04
4.130800000000000000e+04
1.172060000000000000e+05
5.131000000000000000e+04
4.809370000000000000e+05
1.404420000000000000e+05
7.779900000000000000e+04
2.557490000000000000e+05
2.265300000000000000e+04
6.319600000000000000e+04
2.277300000000000000e+04
3.267300000000000000e+05
1.450610000000000000e+05
4.411910000000000000e+05
1.935200000000000000e+04
4.965400000000000000e+04
2.545550000000000000e+05
6.134700000000000000e+04
1.218350000000000000e+05
1.559930000000000000e+05
1.562010000000000000e+05
1.845150000000000000e+05
1.931700000000000000e+04
4.035000000000000000e+04
1.107400000000000000e+04
8.284700000000000000e+04
9.558000000000000000e+04
1.669150000000000000e+05
6.626000000000000000e+03
4.680730000000000000e+05
1.413780000000000000e+05
7.509900000000000000e+04
1.155510000000000000e+05
9.224900000000000000e+04
2.766600000000000000e+04
3.385730000000000000e+05
1.603400000000000000e+04
1.112700000000000000e+04
1.143430000000000000e+05
8.296500000000000000e+04
1.092500000000000000e+04
4.418100000000000000e+04
3.172600000000000000e+04
1.036820000000000000e+05
7.939900000000000000e+04
3.887300000000000000e+04
1.247520000000000000e+05
4.050030000000000000e+05
9.833400000000000000e+04
6.237500000000000000e+04
6.594280000000000000e+05
7.392300000000000000e+04
3.043720000000000000e+05
1.420490000000000000e+05
5.504900000000000000e+04
6.561600000000000000e+04
3.401000000000000000e+04
1.957510000000000000e+05
1.189180000000000000e+05
2.701070000000000000e+05
7.620500000000000000e+04
5.718700000000000000e+04
4.920600000000000000e+04
3.041000000000000000e+03
2.614100000000000000e+04
2.356830000000000000e+05
2.746300000000000000e+04
1.243800000000000000e+04
3.158800000000000000e+04
2.001000000000000000e+04
9.750500000000000000e+04
3.129900000000000000e+04
2.393100000000000000e+04
7.577000000000000000e+04
2.653400000000000000e+04
7.634500000000000000e+04
8.298300000000000000e+04
7.759000000000000000e+03
4.562000000000000000e+03
1.499600000000000000e+04
3.220700000000000000e+05
3.505770000000000000e+05
1.486010000000000000e+05
1.195950000000000000e+05
4.491900000000000000e+04
1.048940000000000000e+05
2.498100000000000000e+05
4.947000000000000000e+03
3.895300000000000000e+04
6.108400000000000000e+04
2.727820000000000000e+05
1.507680000000000000e+05
6.811900000000000000e+04
8.348300000000000000e+04
9.786600000000000000e+04
9.196900000000000000e+04
1.761220000000000000e+05
3.968000000000000000e+03
4.560080000000000000e+05
2.382070000000000000e+05
8.496000000000000000e+04
4.168200000000000000e+04
4.609000000000000000e+03
4.349200000000000000e+04
3.044480000000000000e+05
4.579300000000000000e+04
1.091250000000000000e+05
4.819200000000000000e+04
5.746400000000000000e+04
9.813500000000000000e+04
1.573800000000000000e+04
2.582500000000000000e+04
5.122000000000000000e+04
2.370570000000000000e+05
8.078900000000000000e+04
4.499640000000000000e+05
6.138900000000000000e+04
3.466300000000000000e+04
3.327400000000000000e+04
6.483300000000000000e+04
7.607000000000000000e+03
3.981100000000000000e+04
3.034800000000000000e+04
2.410000000000000000e+04
1.266740000000000000e+05
3.160700000000000000e+04
2.171200000000000000e+05
1.189010000000000000e+05
2.368910000000000000e+05
1.445900000000000000e+04
9.549000000000000000e+03
2.160110000000000000e+05
1.172700000000000000e+04
4.012400000000000000e+04
5.286600000000000000e+04
1.560000000000000000e+02
1.957200000000000000e+05
3.518340000000000000e+05
2.295200000000000000e+05
1.377910000000000000e+05
3.169900000000000000e+04
2.496730000000000000e+05
1.203200000000000000e+05
2.395930000000000000e+05
4.307700000000000000e+04
6.424100000000000000e+04
1.173200000000000000e+04
3.643270000000000000e+05
1.259000000000000000e+04
8.050000000000000000e+03
2.610200000000000000e+04
4.137070000000000000e+05
5.012400000000000000e+04
1.449440000000000000e+05
3.201900000000000000e+04
7.860900000000000000e+04
2.781600000000000000e+04
5.051000000000000000e+04
1.272460000000000000e+05
7.162300000000000000e+04
1.924000000000000000e+04
1.028620000000000000e+05
3.426200000000000000e+04
2.014000000000000000e+04
8.567400000000000000e+04
3.222700000000000000e+04
1.594080000000000000e+05
5.750000000000000000e+03
1.793640000000000000e+05
2.134900000000000000e+04
1.498400000000000000e+05
6.873500000000000000e+04
4.700500000000000000e+04
7.337000000000000000e+03
3.162900000000000000e+04
5.447000000000000000e+03
1.111960000000000000e+05
7.281800000000000000e+04
1.649200000000000000e+04
7.508200000000000000e+05
1.342560000000000000e+05
1.129690000000000000e+05
3.441800000000000000e+04
1.630500000000000000e+04
6.627700000000000000e+04
6.790900000000000000e+04
1.575560000000000000e+05
5.162200000000000000e+04
2.808970000000000000e+05
6.664300000000000000e+04
1.515950000000000000e+05
1.114000000000000000e+03
1.012430000000000000e+05
1.436660000000000000e+05
9.160400000000000000e+04
1.184260000000000000e+05
9.342400000000000000e+04
5.893800000000000000e+04
2.256400000000000000e+04
1.135060000000000000e+05
1.886050000000000000e+05
6.601300000000000000e+04
5.927600000000000000e+05
4.377440000000000000e+05
2.121520000000000000e+05
1.050790000000000000e+05
3.274000000000000000e+04
8.814100000000000000e+04
1.905260000000000000e+05
4.041000000000000000e+05
1.752900000000000000e+04
3.782610000000000000e+05
8.367900000000000000e+04
1.037550000000000000e+05
1.048610000000000000e+05
6.167800000000000000e+04
1.626050000000000000e+05
1.874400000000000000e+04
6.482000000000000000e+04
5.386100000000000000e+04
-1.000000000000000000e+00
2.338000000000000000e+04
3.238860000000000000e+05
1.786100000000000000e+04
3.433590000000000000e+05
1.220560000000000000e+05
7.883000000000000000e+03
1.213680000000000000e+05
5.490230000000000000e+05
9.105400000000000000e+04
5.423400000000000000e+04
1.548490000000000000e+05
7.979500000000000000e+04
2.795070000000000000e+05
7.528100000000000000e+04
8.970100000000000000e+04
2.319000000000000000e+03
2.057150000000000000e+05
9.968400000000000000e+04
3.626800000000000000e+04
2.326700000000000000e+04
1.660630000000000000e+05
1.571820000000000000e+05
2.454950000000000000e+05
9.662400000000000000e+04
8.958300000000000000e+04
2.198980000000000000e+05
4.365500000000000000e+04
1.734400000000000000e+04
1.129040000000000000e+05
1.203280000000000000e+05
8.008300000000000000e+04
3.002000000000000000e+03
2.131240000000000000e+05
7.777000000000000000e+03
3.643920000000000000e+05
1.700580000000000000e+05
4.161090000000000000e+05
3.300100000000000000e+04
2.407400000000000000e+04
9.444700000000000000e+04
1.745550000000000000e+05
1.273960000000000000e+05
9.680000000000000000e+02
1.486560000000000000e+05
5.600500000000000000e+04
1.143000000000000000e+04
7.639500000000000000e+04
1.035550000000000000e+05
2.770920000000000000e+05
