# (grid_size, q, alpha, t_max, runs) = (30, 0.3701, 0.455, 1000000, 1000)
2.248920000000000000e+05
4.326850000000000000e+05
6.053990000000000000e+05
5.323350000000000000e+05
-1.000000000000000000e+00
5.147700000000000000e+04
8.293600000000000000e+05
3.188990000000000000e+05
3.679900000000000000e+04
1.087450000000000000e+05
-1.000000000000000000e+00
3.808360000000000000e+05
7.960200000000000000e+04
2.864700000000000000e+04
1.749730000000000000e+05
4.296450000000000000e+05
3.103370000000000000e+05
3.595470000000000000e+05
8.187660000000000000e+05
1.536600000000000000e+04
3.197960000000000000e+05
1.299360000000000000e+05
4.713710000000000000e+05
1.283800000000000000e+05
-1.000000000000000000e+00
2.688300000000000000e+04
3.474530000000000000e+05
8.074200000000000000e+04
2.306520000000000000e+05
7.258010000000000000e+05
8.364600000000000000e+04
6.822150000000000000e+05
7.217000000000000000e+04
4.540200000000000000e+04
7.207300000000000000e+05
1.048300000000000000e+04
3.602850000000000000e+05
4.400220000000000000e+05
1.053750000000000000e+05
1.988440000000000000e+05
1.439630000000000000e+05
1.939810000000000000e+05
-1.000000000000000000e+00
1.294200000000000000e+05
9.889400000000000000e+04
1.752020000000000000e+05
1.310390000000000000e+05
2.998940000000000000e+05
4.157100000000000000e+04
1.724890000000000000e+05
6.149540000000000000e+05
6.490740000000000000e+05
3.521710000000000000e+05
2.547150000000000000e+05
9.393600000000000000e+04
1.449370000000000000e+05
3.248160000000000000e+05
3.452410000000000000e+05
9.577160000000000000e+05
-1.000000000000000000e+00
4.868200000000000000e+04
7.697000000000000000e+04
6.813600000000000000e+04
4.938930000000000000e+05
3.612960000000000000e+05
7.156800000000000000e+04
5.082340000000000000e+05
1.106830000000000000e+05
1.942100000000000000e+04
5.329860000000000000e+05
-1.000000000000000000e+00
8.676360000000000000e+05
6.387460000000000000e+05
4.563700000000000000e+04
3.340280000000000000e+05
2.685690000000000000e+05
1.482750000000000000e+05
-1.000000000000000000e+00
6.122660000000000000e+05
3.002400000000000000e+04
3.346880000000000000e+05
5.644200000000000000e+04
3.860360000000000000e+05
-1.000000000000000000e+00
4.279030000000000000e+05
4.139600000000000000e+04
1.469700000000000000e+05
9.427500000000000000e+05
9.534650000000000000e+05
6.715200000000000000e+04
6.788610000000000000e+05
1.427380000000000000e+05
2.747560000000000000e+05
1.819960000000000000e+05
1.323940000000000000e+05
8.387230000000000000e+05
8.381220000000000000e+05
8.230540000000000000e+05
1.360820000000000000e+05
-1.000000000000000000e+00
2.288600000000000000e+04
3.874810000000000000e+05
1.841590000000000000e+05
4.383500000000000000e+04
1.182740000000000000e+05
2.793180000000000000e+05
4.212520000000000000e+05
1.119060000000000000e+05
2.677830000000000000e+05
1.824530000000000000e+05
1.674600000000000000e+04
4.324100000000000000e+05
1.663100000000000000e+04
6.226000000000000000e+03
2.988000000000000000e+03
3.543700000000000000e+05
9.603970000000000000e+05
5.513800000000000000e+04
1.098460000000000000e+05
-1.000000000000000000e+00
6.518700000000000000e+04
3.125480000000000000e+05
3.777600000000000000e+04
7.049000000000000000e+03
1.882780000000000000e+05
8.350830000000000000e+05
5.569600000000000000e+04
1.487480000000000000e+05
8.586210000000000000e+05
1.580500000000000000e+04
1.841980000000000000e+05
7.783130000000000000e+05
2.170320000000000000e+05
8.102600000000000000e+04
5.352100000000000000e+04
1.138930000000000000e+05
1.005770000000000000e+05
6.707300000000000000e+04
1.900300000000000000e+04
8.223980000000000000e+05
6.322540000000000000e+05
5.239090000000000000e+05
2.992200000000000000e+04
6.662910000000000000e+05
1.262800000000000000e+04
4.036920000000000000e+05
5.977600000000000000e+04
7.911930000000000000e+05
2.693440000000000000e+05
-1.000000000000000000e+00
3.645570000000000000e+05
-1.000000000000000000e+00
1.575690000000000000e+05
4.034390000000000000e+05
6.283900000000000000e+05
5.025360000000000000e+05
8.143400000000000000e+04
4.288490000000000000e+05
6.162750000000000000e+05
1.915050000000000000e+05
5.027020000000000000e+05
-1.000000000000000000e+00
4.884360000000000000e+05
7.953500000000000000e+04
3.244600000000000000e+05
3.397360000000000000e+05
-1.000000000000000000e+00
1.170120000000000000e+05
3.354970000000000000e+05
2.358000000000000000e+04
1.485340000000000000e+05
4.906240000000000000e+05
6.249510000000000000e+05
7.857400000000000000e+04
7.726770000000000000e+05
5.120700000000000000e+04
3.258070000000000000e+05
1.210990000000000000e+05
1.744950000000000000e+05
3.813600000000000000e+04
-1.000000000000000000e+00
5.596490000000000000e+05
8.184290000000000000e+05
5.065020000000000000e+05
2.820230000000000000e+05
-1.000000000000000000e+00
1.673590000000000000e+05
8.612360000000000000e+05
2.529290000000000000e+05
3.161420000000000000e+05
8.209530000000000000e+05
3.195310000000000000e+05
1.410290000000000000e+05
2.384190000000000000e+05
9.463850000000000000e+05
1.751200000000000000e+05
1.014230000000000000e+05
2.817640000000000000e+05
6.740120000000000000e+05
1.484210000000000000e+05
2.826280000000000000e+05
1.129460000000000000e+05
8.825740000000000000e+05
7.287150000000000000e+05
-1.000000000000000000e+00
-1.000000000000000000e+00
8.336710000000000000e+05
1.171200000000000000e+04
4.220000000000000000e+02
6.722900000000000000e+04
1.669940000000000000e+05
4.275300000000000000e+04
2.269610000000000000e+05
4.346800000000000000e+04
3.293290000000000000e+05
5.774100000000000000e+04
1.567400000000000000e+05
6.721160000000000000e+05
2.465170000000000000e+05
-1.000000000000000000e+00
1.508320000000000000e+05
1.830480000000000000e+05
-1.000000000000000000e+00
1.547680000000000000e+05
-1.000000000000000000e+00
9.938860000000000000e+05
8.420190000000000000e+05
6.750900000000000000e+04
4.822300000000000000e+05
-1.000000000000000000e+00
1.049070000000000000e+05
4.087170000000000000e+05
1.697540000000000000e+05
2.486300000000000000e+05
5.730840000000000000e+05
2.007500000000000000e+04
1.553760000000000000e+05
4.271460000000000000e+05
1.191360000000000000e+05
3.174130000000000000e+05
2.195190000000000000e+05
7.718460000000000000e+05
1.778970000000000000e+05
7.127390000000000000e+05
3.366700000000000000e+05
8.388700000000000000e+05
6.255890000000000000e+05
5.575170000000000000e+05
4.674000000000000000e+04
5.795010000000000000e+05
7.481640000000000000e+05
4.411740000000000000e+05
6.303000000000000000e+04
4.584210000000000000e+05
-1.000000000000000000e+00
1.061000000000000000e+05
1.437440000000000000e+05
3.284100000000000000e+05
4.636100000000000000e+05
9.331200000000000000e+04
5.077360000000000000e+05
1.863040000000000000e+05
4.372500000000000000e+04
4.081480000000000000e+05
2.144750000000000000e+05
7.178600000000000000e+04
2.303290000000000000e+05
9.319100000000000000e+04
4.990940000000000000e+05
-1.000000000000000000e+00
6.437900000000000000e+04
2.432650000000000000e+05
-1.000000000000000000e+00
6.371800000000000000e+04
8.764600000000000000e+04
1.784910000000000000e+05
9.092960000000000000e+05
7.822870000000000000e+05
-1.000000000000000000e+00
7.048800000000000000e+05
2.975790000000000000e+05
2.898830000000000000e+05
1.481890000000000000e+05
3.188760000000000000e+05
3.450460000000000000e+05
-1.000000000000000000e+00
3.392890000000000000e+05
4.365460000000000000e+05
1.337120000000000000e+05
9.431910000000000000e+05
-1.000000000000000000e+00
-1.000000000000000000e+00
5.783400000000000000e+05
1.746010000000000000e+05
6.462630000000000000e+05
2.134100000000000000e+04
2.785480000000000000e+05
1.495240000000000000e+05
-1.000000000000000000e+00
2.139580000000000000e+05
5.823310000000000000e+05
2.693000000000000000e+05
2.803400000000000000e+04
-1.000000000000000000e+00
-1.000000000000000000e+00
6.667100000000000000e+04
3.283400000000000000e+04
3.580020000000000000e+05
3.649340000000000000e+05
5.198410000000000000e+05
3.474100000000000000e+04
8.186600000000000000e+04
4.425660000000000000e+05
4.716780000000000000e+05
5.916880000000000000e+05
6.119400000000000000e+04
3.018940000000000000e+05
5.352650000000000000e+05
3.302400000000000000e+05
1.537820000000000000e+05
1.593740000000000000e+05
6.383580000000000000e+05
-1.000000000000000000e+00
2.228790000000000000e+05
3.212530000000000000e+05
6.571900000000000000e+05
3.273580000000000000e+05
7.076670000000000000e+05
2.205940000000000000e+05
-1.000000000000000000e+00
1.742600000000000000e+04
6.248100000000000000e+05
2.828770000000000000e+05
-1.000000000000000000e+00
2.251140000000000000e+05
9.561120000000000000e+05
3.493400000000000000e+05
5.129580000000000000e+05
1.250580000000000000e+05
4.110240000000000000e+05
5.228500000000000000e+04
4.272820000000000000e+05
3.280600000000000000e+04
8.112140000000000000e+05
6.105630000000000000e+05
2.910800000000000000e+04
3.872600000000000000e+05
1.136640000000000000e+05
2.553580000000000000e+05
4.233240000000000000e+05
2.569000000000000000e+03
2.779580000000000000e+05
4.115340000000000000e+05
1.912740000000000000e+05
7.655100000000000000e+04
8.134200000000000000e+04
4.725200000000000000e+05
-1.000000000000000000e+00
2.943910000000000000e+05
9.214480000000000000e+05
1.085770000000000000e+05
3.258860000000000000e+05
2.259650000000000000e+05
8.538240000000000000e+05
1.105090000000000000e+05
-1.000000000000000000e+00
1.436180000000000000e+05
2.674840000000000000e+05
1.029390000000000000e+05
7.888560000000000000e+05
4.842350000000000000e+05
-1.000000000000000000e+00
5.487760000000000000e+05
2.312170000000000000e+05
4.697400000000000000e+04
5.248800000000000000e+04
9.021300000000000000e+04
8.373880000000000000e+05
1.603110000000000000e+05
3.790000000000000000e+03
8.549870000000000000e+05
4.144560000000000000e+05
1.041170000000000000e+05
6.885650000000000000e+05
2.802130000000000000e+05
2.129390000000000000e+05
5.773240000000000000e+05
1.687730000000000000e+05
-1.000000000000000000e+00
3.699480000000000000e+05
3.312880000000000000e+05
-1.000000000000000000e+00
2.080080000000000000e+05
7.462140000000000000e+05
8.227300000000000000e+04
1.219100000000000000e+05
3.116400000000000000e+04
7.481870000000000000e+05
-1.000000000000000000e+00
5.807220000000000000e+05
1.629110000000000000e+05
2.834980000000000000e+05
1.076360000000000000e+05
7.596200000000000000e+05
7.137180000000000000e+05
2.368560000000000000e+05
4.980690000000000000e+05
3.906960000000000000e+05
1.353790000000000000e+05
4.325800000000000000e+05
7.097260000000000000e+05
1.662520000000000000e+05
2.726200000000000000e+05
2.763100000000000000e+04
3.016220000000000000e+05
6.617350000000000000e+05
4.364070000000000000e+05
4.741340000000000000e+05
7.507130000000000000e+05
9.111150000000000000e+05
3.803800000000000000e+05
1.476730000000000000e+05
1.703000000000000000e+05
1.113090000000000000e+05
1.280600000000000000e+04
6.684100000000000000e+04
1.908000000000000000e+03
6.997280000000000000e+05
1.013900000000000000e+05
7.013700000000000000e+04
2.453870000000000000e+05
6.679000000000000000e+04
5.101870000000000000e+05
1.059840000000000000e+05
9.773430000000000000e+05
3.748730000000000000e+05
5.022450000000000000e+05
2.090950000000000000e+05
-1.000000000000000000e+00
1.190430000000000000e+05
6.296500000000000000e+04
1.482220000000000000e+05
5.230310000000000000e+05
5.611600000000000000e+04
7.941100000000000000e+05
7.348130000000000000e+05
3.371570000000000000e+05
7.794240000000000000e+05
2.203280000000000000e+05
2.780880000000000000e+05
1.129710000000000000e+05
3.085620000000000000e+05
1.809870000000000000e+05
3.746000000000000000e+05
5.952600000000000000e+04
3.413540000000000000e+05
1.621010000000000000e+05
9.075000000000000000e+04
1.945620000000000000e+05
1.630260000000000000e+05
4.613100000000000000e+04
-1.000000000000000000e+00
6.419600000000000000e+04
2.253110000000000000e+05
5.607080000000000000e+05
1.361580000000000000e+05
4.357430000000000000e+05
6.794970000000000000e+05
5.681490000000000000e+05
7.350000000000000000e+02
1.533130000000000000e+05
3.914180000000000000e+05
6.112000000000000000e+05
1.664120000000000000e+05
5.291280000000000000e+05
5.070290000000000000e+05
3.610090000000000000e+05
1.521850000000000000e+05
6.322800000000000000e+04
-1.000000000000000000e+00
3.005070000000000000e+05
7.906370000000000000e+05
5.447710000000000000e+05
4.941910000000000000e+05
9.186300000000000000e+04
5.830990000000000000e+05
9.795300000000000000e+04
2.378600000000000000e+04
7.461600000000000000e+04
-1.000000000000000000e+00
6.825700000000000000e+05
6.549550000000000000e+05
4.096720000000000000e+05
2.696540000000000000e+05
8.371800000000000000e+04
7.196570000000000000e+05
4.238390000000000000e+05
1.469950000000000000e+05
2.527960000000000000e+05
-1.000000000000000000e+00
9.466400000000000000e+04
8.488730000000000000e+05
1.144700000000000000e+05
-1.000000000000000000e+00
-1.000000000000000000e+00
7.836600000000000000e+04
2.644200000000000000e+04
-1.000000000000000000e+00
1.589170000000000000e+05
7.642700000000000000e+04
4.750440000000000000e+05
1.625230000000000000e+05
1.030470000000000000e+05
1.862240000000000000e+05
-1.000000000000000000e+00
6.519850000000000000e+05
1.080850000000000000e+05
6.991670000000000000e+05
7.941830000000000000e+05
4.854430000000000000e+05
-1.000000000000000000e+00
1.581540000000000000e+05
4.879570000000000000e+05
3.411070000000000000e+05
1.464160000000000000e+05
3.250320000000000000e+05
3.884040000000000000e+05
1.066840000000000000e+05
1.602260000000000000e+05
9.713370000000000000e+05
5.088150000000000000e+05
5.218020000000000000e+05
3.093370000000000000e+05
1.738110000000000000e+05
-1.000000000000000000e+00
5.165000000000000000e+03
8.968260000000000000e+05
6.869890000000000000e+05
4.536200000000000000e+04
4.247800000000000000e+04
3.990000000000000000e+04
7.928700000000000000e+05
5.414150000000000000e+05
6.967510000000000000e+05
1.368670000000000000e+05
3.787600000000000000e+04
3.029170000000000000e+05
5.565370000000000000e+05
4.125750000000000000e+05
8.812730000000000000e+05
7.929990000000000000e+05
2.546530000000000000e+05
4.432670000000000000e+05
1.775200000000000000e+04
2.910080000000000000e+05
2.783000000000000000e+04
9.520970000000000000e+05
7.345720000000000000e+05
4.959030000000000000e+05
1.337100000000000000e+05
4.728000000000000000e+04
-1.000000000000000000e+00
3.842090000000000000e+05
1.231920000000000000e+05
2.927710000000000000e+05
6.950470000000000000e+05
9.339740000000000000e+05
1.429340000000000000e+05
1.994960000000000000e+05
3.272660000000000000e+05
1.901150000000000000e+05
2.661800000000000000e+05
7.832400000000000000e+04
-1.000000000000000000e+00
1.926000000000000000e+03
5.127630000000000000e+05
1.129770000000000000e+05
9.555070000000000000e+05
8.369740000000000000e+05
1.200000000000000000e+04
6.355500000000000000e+05
9.416100000000000000e+04
-1.000000000000000000e+00
4.145890000000000000e+05
3.112580000000000000e+05
4.572450000000000000e+05
5.931450000000000000e+05
5.515420000000000000e+05
7.866130000000000000e+05
5.902150000000000000e+05
8.596080000000000000e+05
3.166580000000000000e+05
4.092170000000000000e+05
-1.000000000000000000e+00
4.359900000000000000e+04
4.512380000000000000e+05
3.155330000000000000e+05
4.713270000000000000e+05
5.134720000000000000e+05
6.828000000000000000e+03
5.606060000000000000e+05
3.614700000000000000e+04
2.207900000000000000e+04
-1.000000000000000000e+00
-1.000000000000000000e+00
-1.000000000000000000e+00
3.234810000000000000e+05
1.083370000000000000e+05
6.586010000000000000e+05
6.538680000000000000e+05
3.007770000000000000e+05
4.566150000000000000e+05
1.882300000000000000e+04
5.251510000000000000e+05
4.533580000000000000e+05
7.121700000000000000e+04
9.716000000000000000e+04
4.377240000000000000e+05
3.411490000000000000e+05
2.270590000000000000e+05
3.490000000000000000e+02
3.018400000000000000e+04
5.538070000000000000e+05
4.702590000000000000e+05
3.378370000000000000e+05
-1.000000000000000000e+00
8.664900000000000000e+05
-1.000000000000000000e+00
4.712400000000000000e+04
8.179510000000000000e+05
8.802790000000000000e+05
-1.000000000000000000e+00
1.689500000000000000e+04
2.200820000000000000e+05
5.182420000000000000e+05
5.702630000000000000e+05
2.958870000000000000e+05
-1.000000000000000000e+00
2.103600000000000000e+05
2.749960000000000000e+05
2.770640000000000000e+05
3.885030000000000000e+05
1.132880000000000000e+05
3.825280000000000000e+05
5.311130000000000000e+05
2.864910000000000000e+05
5.817270000000000000e+05
3.813850000000000000e+05
9.050110000000000000e+05
5.857970000000000000e+05
6.943800000000000000e+04
4.409730000000000000e+05
3.480650000000000000e+05
1.117200000000000000e+05
-1.000000000000000000e+00
9.288700000000000000e+04
7.206240000000000000e+05
2.588610000000000000e+05
7.491800000000000000e+04
2.771930000000000000e+05
8.537320000000000000e+05
2.587060000000000000e+05
5.129500000000000000e+04
5.727260000000000000e+05
2.446140000000000000e+05
1.083420000000000000e+05
2.767940000000000000e+05
3.863570000000000000e+05
2.200960000000000000e+05
1.819710000000000000e+05
9.528470000000000000e+05
3.210700000000000000e+04
5.268660000000000000e+05
7.034680000000000000e+05
3.485750000000000000e+05
-1.000000000000000000e+00
-1.000000000000000000e+00
3.930900000000000000e+04
-1.000000000000000000e+00
7.385520000000000000e+05
2.878800000000000000e+04
-1.000000000000000000e+00
3.042500000000000000e+05
5.727140000000000000e+05
-1.000000000000000000e+00
8.400970000000000000e+05
1.624160000000000000e+05
5.541040000000000000e+05
9.268730000000000000e+05
7.028890000000000000e+05
4.722860000000000000e+05
7.419140000000000000e+05
1.663410000000000000e+05
3.273340000000000000e+05
2.445790000000000000e+05
-1.000000000000000000e+00
4.145230000000000000e+05
4.419960000000000000e+05
-1.000000000000000000e+00
1.651530000000000000e+05
1.350180000000000000e+05
4.409890000000000000e+05
2.629270000000000000e+05
1.612300000000000000e+05
1.412760000000000000e+05
9.004300000000000000e+04
5.248700000000000000e+05
4.707930000000000000e+05
-1.000000000000000000e+00
-1.000000000000000000e+00
2.958720000000000000e+05
1.889470000000000000e+05
1.087010000000000000e+05
5.384820000000000000e+05
-1.000000000000000000e+00
1.436750000000000000e+05
4.563180000000000000e+05
9.322020000000000000e+05
1.337080000000000000e+05
7.513460000000000000e+05
1.306900000000000000e+04
1.912550000000000000e+05
1.378400000000000000e+05
6.112400000000000000e+05
3.429000000000000000e+03
2.657450000000000000e+05
1.471340000000000000e+05
2.363580000000000000e+05
-1.000000000000000000e+00
6.958680000000000000e+05
9.188300000000000000e+04
3.356750000000000000e+05
3.713140000000000000e+05
8.762460000000000000e+05
7.032910000000000000e+05
1.988500000000000000e+05
-1.000000000000000000e+00
9.592600000000000000e+04
2.785300000000000000e+04
1.739440000000000000e+05
3.233500000000000000e+04
6.702820000000000000e+05
7.136660000000000000e+05
3.201280000000000000e+05
1.667310000000000000e+05
3.492000000000000000e+04
-1.000000000000000000e+00
1.972940000000000000e+05
4.696210000000000000e+05
4.647430000000000000e+05
2.650000000000000000e+05
-1.000000000000000000e+00
4.955760000000000000e+05
1.673760000000000000e+05
6.882110000000000000e+05
-1.000000000000000000e+00
8.785400000000000000e+04
1.481860000000000000e+05
5.223580000000000000e+05
5.972130000000000000e+05
1.563760000000000000e+05
4.281190000000000000e+05
-1.000000000000000000e+00
2.449720000000000000e+05
3.372070000000000000e+05
6.159680000000000000e+05
5.475820000000000000e+05
9.254880000000000000e+05
1.932870000000000000e+05
1.968240000000000000e+05
1.159560000000000000e+05
7.521090000000000000e+05
-1.000000000000000000e+00
-1.000000000000000000e+00
6.284340000000000000e+05
6.587700000000000000e+04
4.450550000000000000e+05
1.482820000000000000e+05
5.353550000000000000e+05
9.987920000000000000e+05
-1.000000000000000000e+00
3.666870000000000000e+05
7.491290000000000000e+05
9.809450000000000000e+05
6.639700000000000000e+05
2.753810000000000000e+05
2.270710000000000000e+05
-1.000000000000000000e+00
3.905680000000000000e+05
4.745210000000000000e+05
4.997600000000000000e+05
9.769400000000000000e+04
5.400470000000000000e+05
5.929390000000000000e+05
5.485480000000000000e+05
7.929600000000000000e+05
-1.000000000000000000e+00
7.282070000000000000e+05
2.723910000000000000e+05
1.221890000000000000e+05
-1.000000000000000000e+00
1.795710000000000000e+05
3.561200000000000000e+04
1.205390000000000000e+05
7.065800000000000000e+04
3.028370000000000000e+05
2.004940000000000000e+05
2.937800000000000000e+04
7.299450000000000000e+05
1.924740000000000000e+05
9.833350000000000000e+05
4.490800000000000000e+04
1.180600000000000000e+05
3.147560000000000000e+05
8.201540000000000000e+05
4.744780000000000000e+05
2.823540000000000000e+05
1.343930000000000000e+05
2.824240000000000000e+05
-1.000000000000000000e+00
-1.000000000000000000e+00
3.463620000000000000e+05
1.015070000000000000e+05
-1.000000000000000000e+00
8.706660000000000000e+05
3.766250000000000000e+05
1.530330000000000000e+05
7.763160000000000000e+05
2.084050000000000000e+05
4.118750000000000000e+05
6.464900000000000000e+04
1.159600000000000000e+04
4.998240000000000000e+05
7.055080000000000000e+05
8.642160000000000000e+05
6.672900000000000000e+04
6.696890000000000000e+05
5.797130000000000000e+05
1.241750000000000000e+05
-1.000000000000000000e+00
1.445340000000000000e+05
1.804240000000000000e+05
2.443550000000000000e+05
9.003100000000000000e+04
1.765800000000000000e+05
2.841500000000000000e+05
5.129000000000000000e+03
7.828360000000000000e+05
1.739270000000000000e+05
9.644050000000000000e+05
6.065820000000000000e+05
4.494910000000000000e+05
1.695990000000000000e+05
6.762290000000000000e+05
8.277900000000000000e+04
9.827600000000000000e+04
9.401690000000000000e+05
4.505100000000000000e+04
7.741870000000000000e+05
1.421500000000000000e+04
8.283100000000000000e+05
2.358450000000000000e+05
8.827000000000000000e+04
1.690740000000000000e+05
-1.000000000000000000e+00
-1.000000000000000000e+00
9.490120000000000000e+05
3.743320000000000000e+05
3.847090000000000000e+05
1.604590000000000000e+05
-1.000000000000000000e+00
5.655300000000000000e+05
7.790720000000000000e+05
2.988790000000000000e+05
3.931590000000000000e+05
2.123810000000000000e+05
7.282900000000000000e+04
4.252200000000000000e+05
7.009630000000000000e+05
3.326560000000000000e+05
5.058450000000000000e+05
3.050440000000000000e+05
3.387570000000000000e+05
3.219350000000000000e+05
5.879900000000000000e+05
7.882500000000000000e+04
2.294240000000000000e+05
2.984380000000000000e+05
-1.000000000000000000e+00
9.498300000000000000e+04
3.654100000000000000e+04
2.911360000000000000e+05
1.611110000000000000e+05
5.076600000000000000e+04
2.684600000000000000e+05
5.468330000000000000e+05
4.888360000000000000e+05
3.692640000000000000e+05
3.770700000000000000e+04
1.842900000000000000e+05
4.613050000000000000e+05
8.630300000000000000e+05
3.364230000000000000e+05
-1.000000000000000000e+00
2.909250000000000000e+05
7.906740000000000000e+05
7.936600000000000000e+04
3.973800000000000000e+05
1.152700000000000000e+04
-1.000000000000000000e+00
2.076300000000000000e+05
1.197800000000000000e+04
7.321960000000000000e+05
-1.000000000000000000e+00
-1.000000000000000000e+00
2.314600000000000000e+04
1.612920000000000000e+05
3.954100000000000000e+04
6.391900000000000000e+04
1.167030000000000000e+05
4.351200000000000000e+04
2.755790000000000000e+05
7.520730000000000000e+05
9.060400000000000000e+04
6.668520000000000000e+05
9.385200000000000000e+04
9.808300000000000000e+04
5.775120000000000000e+05
2.061760000000000000e+05
5.030680000000000000e+05
9.677110000000000000e+05
4.001810000000000000e+05
7.633200000000000000e+04
8.493540000000000000e+05
5.608770000000000000e+05
4.240290000000000000e+05
2.051240000000000000e+05
3.645970000000000000e+05
1.262830000000000000e+05
9.919240000000000000e+05
3.383050000000000000e+05
1.855900000000000000e+05
3.312500000000000000e+04
-1.000000000000000000e+00
7.011550000000000000e+05
2.883210000000000000e+05
2.418120000000000000e+05
6.442500000000000000e+04
4.271200000000000000e+05
6.041950000000000000e+05
1.595550000000000000e+05
6.004390000000000000e+05
1.765560000000000000e+05
5.520100000000000000e+04
5.903790000000000000e+05
7.371300000000000000e+04
1.026530000000000000e+05
1.300360000000000000e+05
3.468370000000000000e+05
2.215730000000000000e+05
5.742990000000000000e+05
-1.000000000000000000e+00
-1.000000000000000000e+00
4.480110000000000000e+05
2.389840000000000000e+05
8.096600000000000000e+04
1.710000000000000000e+03
6.160520000000000000e+05
7.081420000000000000e+05
7.642430000000000000e+05
4.730690000000000000e+05
2.358570000000000000e+05
1.034820000000000000e+05
1.096390000000000000e+05
3.094010000000000000e+05
5.616790000000000000e+05
8.918170000000000000e+05
4.795100000000000000e+05
1.246440000000000000e+05
5.273900000000000000e+05
6.354180000000000000e+05
1.334370000000000000e+05
-1.000000000000000000e+00
1.643600000000000000e+04
4.290080000000000000e+05
4.277340000000000000e+05
1.958700000000000000e+04
1.289940000000000000e+05
1.090400000000000000e+05
9.580140000000000000e+05
5.237350000000000000e+05
1.106290000000000000e+05
2.310390000000000000e+05
7.557800000000000000e+04
1.788790000000000000e+05
8.120010000000000000e+05
1.525500000000000000e+04
4.659000000000000000e+05
3.154530000000000000e+05
8.402700000000000000e+04
