# (grid_size, q, alpha, t_max, runs) = (30, 0.3701, 0.495, 1000000, 1000)
-1.000000000000000000e+00
-1.000000000000000000e+00
-1.000000000000000000e+00
1.655550000000000000e+05
-1.000000000000000000e+00
-1.000000000000000000e+00
4.327610000000000000e+05
-1.000000000000000000e+00
-1.000000000000000000e+00
-1.000000000000000000e+00
8.069970000000000000e+05
1.707510000000000000e+05
1.809790000000000000e+05
4.742270000000000000e+05
-1.000000000000000000e+00
-1.000000000000000000e+00
-1.000000000000000000e+00
3.943510000000000000e+05
-1.000000000000000000e+00
-1.000000000000000000e+00
-1.000000000000000000e+00
-1.000000000000000000e+00
-1.000000000000000000e+00
-1.000000000000000000e+00
3.861750000000000000e+05
-1.000000000000000000e+00
-1.000000000000000000e+00
-1.000000000000000000e+00
9.002600000000000000e+04
2.500470000000000000e+05
-1.000000000000000000e+00
-1.000000000000000000e+00
2.575790000000000000e+05
-1.000000000000000000e+00
-1.000000000000000000e+00
2.805800000000000000e+04
7.679270000000000000e+05
3.599070000000000000e+05
9.052870000000000000e+05
-1.000000000000000000e+00
5.717800000000000000e+04
-1.000000000000000000e+00
-1.000000000000000000e+00
-1.000000000000000000e+00
-1.000000000000000000e+00
-1.000000000000000000e+00
3.019460000000000000e+05
-1.000000000000000000e+00
-1.000000000000000000e+00
-1.000000000000000000e+00
-1.000000000000000000e+00
-1.000000000000000000e+00
-1.000000000000000000e+00
6.119810000000000000e+05
5.614200000000000000e+04
-1.000000000000000000e+00
2.940180000000000000e+05
-1.000000000000000000e+00
-1.000000000000000000e+00
-1.000000000000000000e+00
2.940670000000000000e+05
-1.000000000000000000e+00
4.366300000000000000e+04
-1.000000000000000000e+00
2.982200000000000000e+05
6.498290000000000000e+05
-1.000000000000000000e+00
-1.000000000000000000e+00
-1.000000000000000000e+00
-1.000000000000000000e+00
-1.000000000000000000e+00
-1.000000000000000000e+00
8.703180000000000000e+05
1.294920000000000000e+05
7.138200000000000000e+05
-1.000000000000000000e+00
-1.000000000000000000e+00
-1.000000000000000000e+00
5.219780000000000000e+05
-1.000000000000000000e+00
4.861360000000000000e+05
-1.000000000000000000e+00
-1.000000000000000000e+00
6.305170000000000000e+05
6.286830000000000000e+05
-1.000000000000000000e+00
-1.000000000000000000e+00
9.843620000000000000e+05
-1.000000000000000000e+00
-1.000000000000000000e+00
3.111050000000000000e+05
-1.000000000000000000e+00
8.421470000000000000e+05
6.835920000000000000e+05
-1.000000000000000000e+00
2.824810000000000000e+05
-1.000000000000000000e+00
-1.000000000000000000e+00
8.945460000000000000e+05
-1.000000000000000000e+00
-1.000000000000000000e+00
-1.000000000000000000e+00
-1.000000000000000000e+00
3.426140000000000000e+05
-1.000000000000000000e+00
4.313430000000000000e+05
-1.000000000000000000e+00
-1.000000000000000000e+00
-1.000000000000000000e+00
1.577790000000000000e+05
-1.000000000000000000e+00
-1.000000000000000000e+00
-1.000000000000000000e+00
-1.000000000000000000e+00
-1.000000000000000000e+00
-1.000000000000000000e+00
4.834130000000000000e+05
6.565510000000000000e+05
9.551860000000000000e+05
1.611370000000000000e+05
7.402160000000000000e+05
-1.000000000000000000e+00
-1.000000000000000000e+00
-1.000000000000000000e+00
3.726770000000000000e+05
-1.000000000000000000e+00
-1.000000000000000000e+00
-1.000000000000000000e+00
9.180280000000000000e+05
2.608380000000000000e+05
4.110230000000000000e+05
-1.000000000000000000e+00
-1.000000000000000000e+00
-1.000000000000000000e+00
-1.000000000000000000e+00
-1.000000000000000000e+00
-1.000000000000000000e+00
-1.000000000000000000e+00
-1.000000000000000000e+00
-1.000000000000000000e+00
-1.000000000000000000e+00
-1.000000000000000000e+00
7.000690000000000000e+05
-1.000000000000000000e+00
4.386680000000000000e+05
-1.000000000000000000e+00
4.356970000000000000e+05
-1.000000000000000000e+00
-1.000000000000000000e+00
-1.000000000000000000e+00
-1.000000000000000000e+00
-1.000000000000000000e+00
-1.000000000000000000e+00
4.096000000000000000e+03
-1.000000000000000000e+00
-1.000000000000000000e+00
-1.000000000000000000e+00
2.275530000000000000e+05
-1.000000000000000000e+00
3.198050000000000000e+05
-1.000000000000000000e+00
7.230410000000000000e+05
-1.000000000000000000e+00
-1.000000000000000000e+00
5.048550000000000000e+05
9.122290000000000000e+05
-1.000000000000000000e+00
2.456720000000000000e+05
-1.000000000000000000e+00
4.150000000000000000e+03
7.265300000000000000e+04
-1.000000000000000000e+00
-1.000000000000000000e+00
-1.000000000000000000e+00
-1.000000000000000000e+00
-1.000000000000000000e+00
-1.000000000000000000e+00
5.331000000000000000e+03
-1.000000000000000000e+00
-1.000000000000000000e+00
-1.000000000000000000e+00
-1.000000000000000000e+00
-1.000000000000000000e+00
-1.000000000000000000e+00
-1.000000000000000000e+00
-1.000000000000000000e+00
-1.000000000000000000e+00
5.480770000000000000e+05
-1.000000000000000000e+00
-1.000000000000000000e+00
-1.000000000000000000e+00
8.320180000000000000e+05
-1.000000000000000000e+00
4.516600000000000000e+05
9.717690000000000000e+05
-1.000000000000000000e+00
-1.000000000000000000e+00
-1.000000000000000000e+00
-1.000000000000000000e+00
6.030870000000000000e+05
7.956600000000000000e+05
-1.000000000000000000e+00
2.655900000000000000e+05
-1.000000000000000000e+00
7.139770000000000000e+05
-1.000000000000000000e+00
2.557510000000000000e+05
-1.000000000000000000e+00
3.796790000000000000e+05
-1.000000000000000000e+00
-1.000000000000000000e+00
-1.000000000000000000e+00
-1.000000000000000000e+00
-1.000000000000000000e+00
-1.000000000000000000e+00
-1.000000000000000000e+00
-1.000000000000000000e+00
8.527000000000000000e+04
-1.000000000000000000e+00
8.143760000000000000e+05
-1.000000000000000000e+00
-1.000000000000000000e+00
2.394660000000000000e+05
-1.000000000000000000e+00
5.223830000000000000e+05
-1.000000000000000000e+00
-1.000000000000000000e+00
2.751370000000000000e+05
8.712150000000000000e+05
4.376460000000000000e+05
-1.000000000000000000e+00
8.203550000000000000e+05
-1.000000000000000000e+00
-1.000000000000000000e+00
3.903870000000000000e+05
-1.000000000000000000e+00
4.452570000000000000e+05
-1.000000000000000000e+00
8.510290000000000000e+05
4.367310000000000000e+05
6.360760000000000000e+05
2.763800000000000000e+05
-1.000000000000000000e+00
-1.000000000000000000e+00
2.058120000000000000e+05
6.933900000000000000e+04
-1.000000000000000000e+00
-1.000000000000000000e+00
7.261780000000000000e+05
-1.000000000000000000e+00
5.178440000000000000e+05
2.474860000000000000e+05
-1.000000000000000000e+00
-1.000000000000000000e+00
-1.000000000000000000e+00
-1.000000000000000000e+00
9.830500000000000000e+04
-1.000000000000000000e+00
-1.000000000000000000e+00
-1.000000000000000000e+00
-1.000000000000000000e+00
7.734300000000000000e+04
-1.000000000000000000e+00
-1.000000000000000000e+00
-1.000000000000000000e+00
3.343650000000000000e+05
7.368660000000000000e+05
5.691600000000000000e+04
1.549100000000000000e+04
8.650610000000000000e+05
-1.000000000000000000e+00
-1.000000000000000000e+00
-1.000000000000000000e+00
-1.000000000000000000e+00
-1.000000000000000000e+00
-1.000000000000000000e+00
7.961340000000000000e+05
9.376910000000000000e+05
-1.000000000000000000e+00
-1.000000000000000000e+00
-1.000000000000000000e+00
-1.000000000000000000e+00
-1.000000000000000000e+00
-1.000000000000000000e+00
-1.000000000000000000e+00
-1.000000000000000000e+00
-1.000000000000000000e+00
2.952400000000000000e+05
4.380200000000000000e+05
-1.000000000000000000e+00
7.786700000000000000e+04
-1.000000000000000000e+00
-1.000000000000000000e+00
-1.000000000000000000e+00
8.720600000000000000e+05
-1.000000000000000000e+00
-1.000000000000000000e+00
8.192490000000000000e+05
5.582390000000000000e+05
-1.000000000000000000e+00
-1.000000000000000000e+00
-1.000000000000000000e+00
-1.000000000000000000e+00
9.933870000000000000e+05
-1.000000000000000000e+00
8.758240000000000000e+05
-1.000000000000000000e+00
7.337600000000000000e+04
-1.000000000000000000e+00
4.960560000000000000e+05
-1.000000000000000000e+00
8.955990000000000000e+05
2.177610000000000000e+05
3.141430000000000000e+05
6.248970000000000000e+05
8.671200000000000000e+04
2.724290000000000000e+05
7.692150000000000000e+05
-1.000000000000000000e+00
8.582700000000000000e+04
-1.000000000000000000e+00
-1.000000000000000000e+00
-1.000000000000000000e+00
-1.000000000000000000e+00
-1.000000000000000000e+00
-1.000000000000000000e+00
-1.000000000000000000e+00
-1.000000000000000000e+00
2.023010000000000000e+05
2.638570000000000000e+05
8.259750000000000000e+05
-1.000000000000000000e+00
-1.000000000000000000e+00
-1.000000000000000000e+00
7.794440000000000000e+05
-1.000000000000000000e+00
2.104510000000000000e+05
8.012200000000000000e+04
-1.000000000000000000e+00
3.478140000000000000e+05
-1.000000000000000000e+00
-1.000000000000000000e+00
-1.000000000000000000e+00
4.064770000000000000e+05
-1.000000000000000000e+00
5.395960000000000000e+05
-1.000000000000000000e+00
-1.000000000000000000e+00
-1.000000000000000000e+00
-1.000000000000000000e+00
5.772230000000000000e+05
-1.000000000000000000e+00
-1.000000000000000000e+00
8.475300000000000000e+04
-1.000000000000000000e+00
2.507030000000000000e+05
1.839460000000000000e+05
-1.000000000000000000e+00
3.804010000000000000e+05
8.280580000000000000e+05
3.935040000000000000e+05
9.302800000000000000e+04
2.300300000000000000e+04
9.278200000000000000e+05
5.821890000000000000e+05
-1.000000000000000000e+00
4.378720000000000000e+05
2.822010000000000000e+05
-1.000000000000000000e+00
-1.000000000000000000e+00
-1.000000000000000000e+00
-1.000000000000000000e+00
-1.000000000000000000e+00
-1.000000000000000000e+00
-1.000000000000000000e+00
-1.000000000000000000e+00
-1.000000000000000000e+00
6.963950000000000000e+05
9.717130000000000000e+05
7.435370000000000000e+05
5.632000000000000000e+04
-1.000000000000000000e+00
-1.000000000000000000e+00
7.818500000000000000e+05
3.915430000000000000e+05
2.170120000000000000e+05
-1.000000000000000000e+00
6.231900000000000000e+04
2.534800000000000000e+05
9.679900000000000000e+04
4.307200000000000000e+04
5.220250000000000000e+05
5.960310000000000000e+05
-1.000000000000000000e+00
4.206980000000000000e+05
-1.000000000000000000e+00
1.631460000000000000e+05
-1.000000000000000000e+00
6.872790000000000000e+05
-1.000000000000000000e+00
5.067350000000000000e+05
-1.000000000000000000e+00
-1.000000000000000000e+00
7.712030000000000000e+05
-1.000000000000000000e+00
1.434390000000000000e+05
5.549940000000000000e+05
-1.000000000000000000e+00
-1.000000000000000000e+00
-1.000000000000000000e+00
-1.000000000000000000e+00
-1.000000000000000000e+00
-1.000000000000000000e+00
-1.000000000000000000e+00
3.267000000000000000e+03
-1.000000000000000000e+00
8.839000000000000000e+03
-1.000000000000000000e+00
-1.000000000000000000e+00
-1.000000000000000000e+00
-1.000000000000000000e+00
8.394060000000000000e+05
3.627070000000000000e+05
-1.000000000000000000e+00
-1.000000000000000000e+00
5.705500000000000000e+04
-1.000000000000000000e+00
-1.000000000000000000e+00
-1.000000000000000000e+00
-1.000000000000000000e+00
6.830380000000000000e+05
-1.000000000000000000e+00
-1.000000000000000000e+00
-1.000000000000000000e+00
-1.000000000000000000e+00
1.769710000000000000e+05
-1.000000000000000000e+00
6.415260000000000000e+05
-1.000000000000000000e+00
-1.000000000000000000e+00
4.361200000000000000e+04
-1.000000000000000000e+00
-1.000000000000000000e+00
-1.000000000000000000e+00
7.679560000000000000e+05
9.196100000000000000e+04
-1.000000000000000000e+00
-1.000000000000000000e+00
4.999670000000000000e+05
-1.000000000000000000e+00
-1.000000000000000000e+00
-1.000000000000000000e+00
-1.000000000000000000e+00
8.885530000000000000e+05
-1.000000000000000000e+00
7.745130000000000000e+05
4.399000000000000000e+04
5.411370000000000000e+05
2.151000000000000000e+03
-1.000000000000000000e+00
-1.000000000000000000e+00
6.358620000000000000e+05
7.904900000000000000e+04
-1.000000000000000000e+00
3.247360000000000000e+05
-1.000000000000000000e+00
9.636230000000000000e+05
1.104580000000000000e+05
-1.000000000000000000e+00
9.492560000000000000e+05
-1.000000000000000000e+00
-1.000000000000000000e+00
8.842630000000000000e+05
-1.000000000000000000e+00
-1.000000000000000000e+00
-1.000000000000000000e+00
3.365900000000000000e+05
8.014940000000000000e+05
2.631200000000000000e+05
9.347500000000000000e+05
3.550090000000000000e+05
-1.000000000000000000e+00
3.570750000000000000e+05
7.467880000000000000e+05
-1.000000000000000000e+00
5.079700000000000000e+05
-1.000000000000000000e+00
-1.000000000000000000e+00
3.961700000000000000e+05
-1.000000000000000000e+00
8.874730000000000000e+05
8.198070000000000000e+05
5.563330000000000000e+05
5.365290000000000000e+05
-1.000000000000000000e+00
-1.000000000000000000e+00
7.030040000000000000e+05
-1.000000000000000000e+00
-1.000000000000000000e+00
-1.000000000000000000e+00
-1.000000000000000000e+00
5.808220000000000000e+05
-1.000000000000000000e+00
-1.000000000000000000e+00
-1.000000000000000000e+00
-1.000000000000000000e+00
-1.000000000000000000e+00
-1.000000000000000000e+00
-1.000000000000000000e+00
-1.000000000000000000e+00
-1.000000000000000000e+00
-1.000000000000000000e+00
4.851070000000000000e+05
1.596610000000000000e+05
-1.000000000000000000e+00
3.544290000000000000e+05
-1.000000000000000000e+00
-1.000000000000000000e+00
2.259120000000000000e+05
6.816200000000000000e+04
-1.000000000000000000e+00
-1.000000000000000000e+00
-1.000000000000000000e+00
-1.000000000000000000e+00
1.291890000000000000e+05
-1.000000000000000000e+00
4.618510000000000000e+05
9.045780000000000000e+05
3.159570000000000000e+05
-1.000000000000000000e+00
-1.000000000000000000e+00
8.999000000000000000e+04
-1.000000000000000000e+00
7.074480000000000000e+05
4.254600000000000000e+05
-1.000000000000000000e+00
6.310760000000000000e+05
-1.000000000000000000e+00
6.624310000000000000e+05
-1.000000000000000000e+00
5.874010000000000000e+05
-1.000000000000000000e+00
6.373570000000000000e+05
5.588690000000000000e+05
-1.000000000000000000e+00
2.302290000000000000e+05
-1.000000000000000000e+00
-1.000000000000000000e+00
-1.000000000000000000e+00
7.919200000000000000e+05
-1.000000000000000000e+00
-1.000000000000000000e+00
-1.000000000000000000e+00
-1.000000000000000000e+00
1.325250000000000000e+05
-1.000000000000000000e+00
5.433730000000000000e+05
-1.000000000000000000e+00
-1.000000000000000000e+00
-1.000000000000000000e+00
7.287080000000000000e+05
-1.000000000000000000e+00
-1.000000000000000000e+00
4.101800000000000000e+04
7.759230000000000000e+05
-1.000000000000000000e+00
9.575520000000000000e+05
-1.000000000000000000e+00
-1.000000000000000000e+00
-1.000000000000000000e+00
-1.000000000000000000e+00
4.649150000000000000e+05
-1.000000000000000000e+00
7.655100000000000000e+05
9.123750000000000000e+05
-1.000000000000000000e+00
-1.000000000000000000e+00
8.465690000000000000e+05
-1.000000000000000000e+00
-1.000000000000000000e+00
-1.000000000000000000e+00
9.397980000000000000e+05
3.728000000000000000e+04
-1.000000000000000000e+00
-1.000000000000000000e+00
-1.000000000000000000e+00
-1.000000000000000000e+00
9.384400000000000000e+05
-1.000000000000000000e+00
-1.000000000000000000e+00
2.997250000000000000e+05
-1.000000000000000000e+00
-1.000000000000000000e+00
3.436920000000000000e+05
-1.000000000000000000e+00
-1.000000000000000000e+00
-1.000000000000000000e+00
2.722450000000000000e+05
4.616870000000000000e+05
2.168000000000000000e+04
-1.000000000000000000e+00
3.343470000000000000e+05
-1.000000000000000000e+00
-1.000000000000000000e+00
-1.000000000000000000e+00
3.821240000000000000e+05
9.270160000000000000e+05
-1.000000000000000000e+00
-1.000000000000000000e+00
-1.000000000000000000e+00
5.873900000000000000e+04
-1.000000000000000000e+00
-1.000000000000000000e+00
-1.000000000000000000e+00
6.845080000000000000e+05
-1.000000000000000000e+00
-1.000000000000000000e+00
-1.000000000000000000e+00
2.620400000000000000e+04
-1.000000000000000000e+00
-1.000000000000000000e+00
3.650800000000000000e+04
9.046620000000000000e+05
-1.000000000000000000e+00
9.194880000000000000e+05
-1.000000000000000000e+00
-1.000000000000000000e+00
8.200170000000000000e+05
-1.000000000000000000e+00
-1.000000000000000000e+00
1.695290000000000000e+05
-1.000000000000000000e+00
8.557670000000000000e+05
-1.000000000000000000e+00
1.795970000000000000e+05
-1.000000000000000000e+00
-1.000000000000000000e+00
-1.000000000000000000e+00
5.500640000000000000e+05
-1.000000000000000000e+00
9.735550000000000000e+05
-1.000000000000000000e+00
-1.000000000000000000e+00
-1.000000000000000000e+00
-1.000000000000000000e+00
-1.000000000000000000e+00
-1.000000000000000000e+00
-1.000000000000000000e+00
-1.000000000000000000e+00
3.735100000000000000e+04
-1.000000000000000000e+00
-1.000000000000000000e+00
-1.000000000000000000e+00
-1.000000000000000000e+00
3.578730000000000000e+05
-1.000000000000000000e+00
-1.000000000000000000e+00
-1.000000000000000000e+00
5.940190000000000000e+05
-1.000000000000000000e+00
-1.000000000000000000e+00
-1.000000000000000000e+00
1.735650000000000000e+05
2.589840000000000000e+05
-1.000000000000000000e+00
8.018550000000000000e+05
-1.000000000000000000e+00
7.531350000000000000e+05
-1.000000000000000000e+00
4.651930000000000000e+05
-1.000000000000000000e+00
-1.000000000000000000e+00
-1.000000000000000000e+00
4.562230000000000000e+05
-1.000000000000000000e+00
-1.000000000000000000e+00
-1.000000000000000000e+00
3.843730000000000000e+05
-1.000000000000000000e+00
1.244510000000000000e+05
2.899690000000000000e+05
-1.000000000000000000e+00
-1.000000000000000000e+00
7.326130000000000000e+05
6.976280000000000000e+05
4.872500000000000000e+05
3.969390000000000000e+05
-1.000000000000000000e+00
6.670630000000000000e+05
-1.000000000000000000e+00
-1.000000000000000000e+00
-1.000000000000000000e+00
-1.000000000000000000e+00
4.094500000000000000e+04
-1.000000000000000000e+00
3.266930000000000000e+05
-1.000000000000000000e+00
-1.000000000000000000e+00
3.759230000000000000e+05
2.961060000000000000e+05
-1.000000000000000000e+00
4.436330000000000000e+05
2.911610000000000000e+05
-1.000000000000000000e+00
2.380460000000000000e+05
-1.000000000000000000e+00
-1.000000000000000000e+00
6.250940000000000000e+05
9.025870000000000000e+05
7.447880000000000000e+05
-1.000000000000000000e+00
-1.000000000000000000e+00
7.432710000000000000e+05
-1.000000000000000000e+00
-1.000000000000000000e+00
-1.000000000000000000e+00
-1.000000000000000000e+00
-1.000000000000000000e+00
-1.000000000000000000e+00
-1.000000000000000000e+00
-1.000000000000000000e+00
-1.000000000000000000e+00
-1.000000000000000000e+00
-1.000000000000000000e+00
-1.000000000000000000e+00
-1.000000000000000000e+00
-1.000000000000000000e+00
-1.000000000000000000e+00
7.741210000000000000e+05
9.697480000000000000e+05
-1.000000000000000000e+00
-1.000000000000000000e+00
-1.000000000000000000e+00
-1.000000000000000000e+00
6.500900000000000000e+05
-1.000000000000000000e+00
-1.000000000000000000e+00
-1.000000000000000000e+00
-1.000000000000000000e+00
-1.000000000000000000e+00
-1.000000000000000000e+00
1.059930000000000000e+05
1.776350000000000000e+05
1.843910000000000000e+05
-1.000000000000000000e+00
2.249840000000000000e+05
-1.000000000000000000e+00
-1.000000000000000000e+00
4.039310000000000000e+05
-1.000000000000000000e+00
2.074580000000000000e+05
1.157750000000000000e+05
-1.000000000000000000e+00
-1.000000000000000000e+00
-1.000000000000000000e+00
4.528250000000000000e+05
-1.000000000000000000e+00
5.818700000000000000e+05
2.147340000000000000e+05
-1.000000000000000000e+00
-1.000000000000000000e+00
-1.000000000000000000e+00
-1.000000000000000000e+00
6.864870000000000000e+05
-1.000000000000000000e+00
-1.000000000000000000e+00
-1.000000000000000000e+00
8.820000000000000000e+02
-1.000000000000000000e+00
-1.000000000000000000e+00
-1.000000000000000000e+00
-1.000000000000000000e+00
-1.000000000000000000e+00
-1.000000000000000000e+00
4.217190000000000000e+05
-1.000000000000000000e+00
3.797800000000000000e+04
-1.000000000000000000e+00
1.237730000000000000e+05
5.995730000000000000e+05
5.780020000000000000e+05
1.183750000000000000e+05
8.786370000000000000e+05
-1.000000000000000000e+00
-1.000000000000000000e+00
-1.000000000000000000e+00
4.846200000000000000e+05
5.599100000000000000e+05
-1.000000000000000000e+00
1.266400000000000000e+04
-1.000000000000000000e+00
-1.000000000000000000e+00
-1.000000000000000000e+00
5.735000000000000000e+04
-1.000000000000000000e+00
9.124100000000000000e+05
-1.000000000000000000e+00
-1.000000000000000000e+00
-1.000000000000000000e+00
-1.000000000000000000e+00
9.348390000000000000e+05
-1.000000000000000000e+00
2.309650000000000000e+05
8.919310000000000000e+05
-1.000000000000000000e+00
-1.000000000000000000e+00
6.479400000000000000e+04
3.194170000000000000e+05
-1.000000000000000000e+00
1.438990000000000000e+05
4.249100000000000000e+04
-1.000000000000000000e+00
9.007280000000000000e+05
8.969340000000000000e+05
-1.000000000000000000e+00
-1.000000000000000000e+00
-1.000000000000000000e+00
6.226680000000000000e+05
-1.000000000000000000e+00
-1.000000000000000000e+00
-1.000000000000000000e+00
-1.000000000000000000e+00
6.106980000000000000e+05
-1.000000000000000000e+00
1.909000000000000000e+03
-1.000000000000000000e+00
1.226070000000000000e+05
-1.000000000000000000e+00
-1.000000000000000000e+00
7.401480000000000000e+05
6.957600000000000000e+05
6.233670000000000000e+05
-1.000000000000000000e+00
-1.000000000000000000e+00
8.277920000000000000e+05
-1.000000000000000000e+00
8.477670000000000000e+05
-1.000000000000000000e+00
8.307250000000000000e+05
1.339950000000000000e+05
-1.000000000000000000e+00
4.996490000000000000e+05
-1.000000000000000000e+00
6.082590000000000000e+05
3.352800000000000000e+05
-1.000000000000000000e+00
-1.000000000000000000e+00
-1.000000000000000000e+00
8.049390000000000000e+05
-1.000000000000000000e+00
-1.000000000000000000e+00
-1.000000000000000000e+00
-1.000000000000000000e+00
-1.000000000000000000e+00
-1.000000000000000000e+00
-1.000000000000000000e+00
4.346320000000000000e+05
-1.000000000000000000e+00
8.039740000000000000e+05
6.362720000000000000e+05
6.840980000000000000e+05
-1.000000000000000000e+00
5.708730000000000000e+05
-1.000000000000000000e+00
-1.000000000000000000e+00
6.148400000000000000e+04
-1.000000000000000000e+00
-1.000000000000000000e+00
2.849000000000000000e+03
9.650670000000000000e+05
-1.000000000000000000e+00
-1.000000000000000000e+00
-1.000000000000000000e+00
3.374350000000000000e+05
-1.000000000000000000e+00
5.684590000000000000e+05
-1.000000000000000000e+00
-1.000000000000000000e+00
9.140480000000000000e+05
-1.000000000000000000e+00
-1.000000000000000000e+00
5.224320000000000000e+05
5.283140000000000000e+05
-1.000000000000000000e+00
1.482010000000000000e+05
-1.000000000000000000e+00
-1.000000000000000000e+00
7.453720000000000000e+05
-1.000000000000000000e+00
-1.000000000000000000e+00
-1.000000000000000000e+00
-1.000000000000000000e+00
2.333140000000000000e+05
-1.000000000000000000e+00
-1.000000000000000000e+00
-1.000000000000000000e+00
5.170750000000000000e+05
-1.000000000000000000e+00
1.226750000000000000e+05
-1.000000000000000000e+00
-1.000000000000000000e+00
-1.000000000000000000e+00
-1.000000000000000000e+00
8.267150000000000000e+05
-1.000000000000000000e+00
-1.000000000000000000e+00
-1.000000000000000000e+00
5.870040000000000000e+05
-1.000000000000000000e+00
-1.000000000000000000e+00
-1.000000000000000000e+00
2.240800000000000000e+05
3.734140000000000000e+05
5.276380000000000000e+05
-1.000000000000000000e+00
-1.000000000000000000e+00
-1.000000000000000000e+00
2.432530000000000000e+05
4.923200000000000000e+05
-1.000000000000000000e+00
-1.000000000000000000e+00
2.011030000000000000e+05
-1.000000000000000000e+00
-1.000000000000000000e+00
-1.000000000000000000e+00
-1.000000000000000000e+00
-1.000000000000000000e+00
-1.000000000000000000e+00
4.480780000000000000e+05
6.690610000000000000e+05
-1.000000000000000000e+00
9.279590000000000000e+05
-1.000000000000000000e+00
3.547620000000000000e+05
4.318230000000000000e+05
3.285550000000000000e+05
3.087610000000000000e+05
2.659270000000000000e+05
-1.000000000000000000e+00
-1.000000000000000000e+00
1.158030000000000000e+05
-1.000000000000000000e+00
5.874200000000000000e+04
-1.000000000000000000e+00
-1.000000000000000000e+00
-1.000000000000000000e+00
-1.000000000000000000e+00
-1.000000000000000000e+00
3.428130000000000000e+05
2.773170000000000000e+05
-1.000000000000000000e+00
2.149270000000000000e+05
-1.000000000000000000e+00
2.120180000000000000e+05
-1.000000000000000000e+00
-1.000000000000000000e+00
-1.000000000000000000e+00
-1.000000000000000000e+00
-1.000000000000000000e+00
-1.000000000000000000e+00
-1.000000000000000000e+00
-1.000000000000000000e+00
-1.000000000000000000e+00
-1.000000000000000000e+00
-1.000000000000000000e+00
4.905340000000000000e+05
-1.000000000000000000e+00
-1.000000000000000000e+00
-1.000000000000000000e+00
-1.000000000000000000e+00
-1.000000000000000000e+00
8.172690000000000000e+05
1.480950000000000000e+05
6.681980000000000000e+05
-1.000000000000000000e+00
8.639400000000000000e+05
4.679700000000000000e+05
-1.000000000000000000e+00
1.130150000000000000e+05
4.945770000000000000e+05
8.403780000000000000e+05
-1.000000000000000000e+00
-1.000000000000000000e+00
-1.000000000000000000e+00
3.825830000000000000e+05
2.784040000000000000e+05
-1.000000000000000000e+00
-1.000000000000000000e+00
-1.000000000000000000e+00
7.201500000000000000e+05
5.281540000000000000e+05
-1.000000000000000000e+00
4.663600000000000000e+05
7.661560000000000000e+05
8.055930000000000000e+05
-1.000000000000000000e+00
-1.000000000000000000e+00
-1.000000000000000000e+00
1.757750000000000000e+05
9.773960000000000000e+05
