# Alpha values for which data is stored.
4.139999999999999791e-01
4.269999999999999907e-01
4.410000000000000031e-01
4.550000000000000155e-01
4.680000000000000271e-01
4.819999999999999840e-01
4.949999999999999956e-01
5.090000000000000080e-01
5.230000000000000204e-01
5.360000000000000320e-01
5.500000000000000444e-01
5.639999999999999458e-01
5.769999999999999574e-01
5.909999999999999698e-01
6.049999999999999822e-01
6.179999999999999938e-01
6.320000000000000062e-01
6.450000000000000178e-01
6.590000000000000302e-01
6.730000000000000426e-01
6.860000000000000542e-01
6.999999999999999556e-01
7.139999999999999680e-01
7.269999999999999796e-01
7.409999999999999920e-01
7.550000000000000044e-01
7.680000000000000160e-01
7.820000000000000284e-01
7.950000000000000400e-01
8.090000000000000524e-01
8.229999999999999538e-01
8.359999999999999654e-01
8.499999999999999778e-01
8.639999999999999902e-01
8.770000000000000018e-01
8.910000000000000142e-01
9.050000000000000266e-01
9.180000000000000382e-01
9.320000000000000506e-01
9.449999999999999512e-01
9.589999999999999636e-01
9.729999999999999760e-01
9.859999999999999876e-01
1.000000000000000000e+00
