# Alpha values for which data is stored.
0.000000000000000000e+00
1.400000000000000029e-02
2.800000000000000058e-02
4.100000000000000172e-02
5.500000000000000028e-02
6.900000000000000577e-02
8.300000000000000433e-02
9.700000000000000289e-02
1.100000000000000006e-01
1.239999999999999991e-01
1.380000000000000115e-01
1.519999999999999962e-01
1.660000000000000087e-01
1.789999999999999925e-01
1.930000000000000049e-01
2.069999999999999896e-01
2.210000000000000020e-01
2.340000000000000135e-01
2.479999999999999982e-01
2.620000000000000107e-01
2.760000000000000231e-01
2.899999999999999800e-01
3.029999999999999916e-01
3.170000000000000040e-01
3.310000000000000164e-01
3.449999999999999734e-01
3.589999999999999858e-01
3.719999999999999973e-01
3.860000000000000098e-01
4.000000000000000222e-01
4.139999999999999791e-01
4.269999999999999907e-01
4.410000000000000031e-01
4.550000000000000155e-01
4.680000000000000271e-01
4.819999999999999840e-01
4.949999999999999956e-01
5.090000000000000080e-01
5.230000000000000204e-01
5.360000000000000320e-01
5.500000000000000444e-01
5.639999999999999458e-01
5.769999999999999574e-01
5.909999999999999698e-01
6.049999999999999822e-01
