# Alpha values for which data is stored.
0.000000000000000000e+00
2.000000000000000042e-02
4.100000000000000172e-02
6.099999999999999867e-02
8.200000000000000344e-02
1.019999999999999934e-01
1.219999999999999973e-01
1.429999999999999882e-01
1.630000000000000060e-01
1.839999999999999969e-01
2.039999999999999869e-01
2.240000000000000047e-01
2.449999999999999956e-01
2.650000000000000133e-01
2.859999999999999765e-01
3.059999999999999942e-01
3.270000000000000129e-01
3.469999999999999751e-01
3.669999999999999929e-01
3.880000000000000115e-01
4.079999999999999738e-01
4.289999999999999925e-01
4.490000000000000102e-01
4.689999999999999725e-01
4.899999999999999911e-01
5.100000000000000089e-01
5.310000000000000275e-01
5.510000000000000453e-01
5.709999999999999520e-01
5.919999999999999707e-01
6.119999999999999885e-01
6.330000000000000071e-01
6.530000000000000249e-01
6.730000000000000426e-01
6.939999999999999503e-01
7.139999999999999680e-01
7.349999999999999867e-01
7.550000000000000044e-01
7.760000000000000231e-01
7.960000000000000409e-01
8.159999999999999476e-01
8.369999999999999662e-01
8.569999999999999840e-01
8.780000000000000027e-01
8.980000000000000204e-01
9.180000000000000382e-01
9.389999999999999458e-01
9.589999999999999636e-01
9.799999999999999822e-01
1.000000000000000000e+00
